2 0.163817 -0.816676 1.53622
0 0.757379 0
0.025 0.669926 0
0.05 0.784305 0
0.075 0.700481 0
0.1 0.818413 0
0.125 0.838057 0
0.15 0.759363 0
0.175 0.78228 0
0.2 0.806749 0
0.225 0.93271 0
0.25 0.960099 0
0.275 0.888846 0
0.3 0.918881 0
0.325 0.950128 0
0.35 1.08251 0
0.375 1.01595 0
0.4 1.05035 0
0.425 1.08565 0
0.45 1.12174 0
0.475 1.25854 0
0.5 1.29595 0
0.525 1.23389 0
0.55 1.37225 0
0.575 1.31095 0
0.6 1.44989 0
0.625 1.38896 0
0.65 1.52808 0
0.675 1.46714 0
0.7 1.60605 0
0.725 1.54471 0
0.75 1.68303 1
0.775 1.6209 1
0.8 1.65824 1
0.825 1.79496 1
0.85 1.73095 1
0.875 1.86613 1
0.9 1.80042 1
0.925 1.83373 1
0.95 1.86597 1
0.975 1.99706 1
1 1.92693 1
1.025 2.05551 1
1.05 2.08272 1
1.075 2.00849 1
1.1 2.13276 1
1.125 2.05548 1
1.15 2.17657 1
1.175 2.096 1
1.2 2.1137 1
1.225 2.22965 1
1.25 2.2438 1
1.275 2.1561 1
1.3 2.26654 1
1.325 2.17509 1
1.35 2.18172 1
