2 0.0190253 -0.867248 1.43709
0 0.617045 0
0.025 0.621448 0
0.05 0.527777 0
0.075 0.636015 0
0.1 0.546146 0
0.125 0.558144 0
0.15 0.571982 0
0.175 0.587629 0
0.2 0.605047 0
0.225 0.724197 0
0.25 0.745033 0
0.275 0.767509 0
0.3 0.691571 0
0.325 0.717163 0
0.35 0.744228 0
0.375 0.772701 0
0.4 0.902517 0
0.425 0.833607 0
0.45 0.865898 0
0.475 0.999316 0
0.5 1.03378 0
0.525 1.06922 0
0.55 1.10554 0
0.575 1.14267 0
0.6 1.08052 0
0.625 1.21899 0
0.65 1.158 0
0.675 1.29747 0
0.7 1.33729 0
0.725 1.27738 0
0.75 1.41764 1
0.775 1.35798 1
0.8 1.3983 1
0.825 1.53852 1
0.85 1.47854 1
0.875 1.51826 1
0.9 1.6576 1
0.925 1.59647 1
0.95 1.63476 1
0.975 1.7724 1
1 1.8093 1
1.025 1.84537 1
1.05 1.78053 1
1.075 1.91469 1
1.1 1.84779 1
1.125 1.87973 1
1.15 2.01045 1
1.175 2.03988 1
1.2 2.06794 1
1.225 1.99457 1
1.25 2.01972 1
1.275 2.04332 1
1.3 2.16531 1
1.325 2.18565 1
1.35 2.20429 1
