1.912 0.671175 0.545597 1.38222
0 1.87376 0
0.025 1.90498 0
0.05 2.03488 0
0.075 1.9634 0
0.1 2.09047 0
0.125 2.01603 0
0.15 2.04003 0
0.175 2.06241 0
0.2 2.18311 0
0.225 2.20209 0
0.25 2.11931 0
0.275 2.13472 0
0.3 2.1483 0
0.325 2.26 0
0.35 2.16981 0
0.375 2.2777 0
0.4 2.28366 0
0.425 2.28767 0
0.45 2.18971 0
0.475 2.28979 0
0.5 2.28791 0
0.525 2.18407 0
0.55 2.27828 0
0.575 2.27055 0
0.6 2.1609 0
0.625 2.14935 0
0.65 2.23593 0
0.675 2.12067 0
0.7 2.2036 0
0.725 2.08476 0
0.75 2.1642 0
0.775 2.14197 0
0.8 2.0181 0
0.825 1.99267 0
0.85 2.06572 0
0.875 1.93732 0
0.9 1.90753 0
0.925 1.87642 0
0.95 1.84407 0
0.975 1.91054 0
1 1.87591 0
1.025 1.84026 0
1.05 1.70368 0
1.075 1.66624 0
1.1 1.62804 0
1.125 1.58915 0
1.15 1.64967 0
1.175 1.60969 0
1.2 1.5693 0
1.225 1.52859 0
1.25 1.38766 0
1.275 1.34659 0
1.3 1.30549 0
1.325 1.36444 0
1.35 1.22354 0
1.375 1.18289 0
1.4 1.14257 0
1.425 1.20268 0
1.45 1.06331 0
1.475 1.12455 0
1.5 1.08648 0
1.525 0.949204 0
1.55 0.912795 0
1.575 0.977338 0
1.6 0.842916 0
1.625 0.809606 0
1.65 0.877485 0
1.675 0.846626 0
1.7 0.7171 0
1.725 0.688974 0
1.75 0.662312 0
1.775 0.737176 0
1.8 0.713622 0
1.825 0.591705 0
1.85 0.671474 0
1.875 0.652977 0
1.9 0.636254 0
1.925 0.521344 0
1.95 0.508282 0
1.975 0.497097 0
2 0.487814 0
2.025 0.580456 0
2.05 0.575038 0
2.075 0.471573 0
2.1 0.470069 0
2.125 0.57053 0
2.15 0.472954 0
2.175 0.477336 0
2.2 0.483665 0
2.225 0.491929 0
2.25 0.602106 0
2.275 0.614175 0
2.3 0.528107 0
2.325 0.543872 0
2.35 0.561432 0
2.375 0.680748 0
2.4 0.601775 0
2.425 0.624466 0
2.45 0.648769 0
2.475 0.674628 0
2.5 0.701984 0
2.525 0.730775 0
2.55 0.860934 0
2.575 0.892394 0
2.6 0.925082 0
2.625 0.958923 0
2.65 0.89384 0
2.675 0.929754 0
2.7 1.06658 0
2.725 1.00424 0
2.75 1.04264 0
2.775 1.1817 0
2.8 1.22133 0
2.825 1.26143 0
2.85 1.30192 0
2.875 1.2427 0
2.9 1.28368 0
2.925 1.42476 0
2.95 1.36586 0
2.975 1.40688 0
3 1.44772 0
3.025 1.48829 0
3.05 1.6285 0
3.075 1.56825 0
3.1 1.60747 0
3.125 1.64604 0
3.15 1.7839 0
3.175 1.72095 0
3.2 1.7571 0
3.225 1.89228 0
3.25 1.8264 0
3.275 1.85939 0
3.3 1.89117 0
3.325 2.02167 0
3.35 2.05081 0
3.375 2.07854 0
3.4 2.00479 0
3.425 2.12949 0
3.45 2.1526 0
3.475 2.07406 0
3.5 2.19381 0
3.525 2.21182 0
3.55 2.22805 0
3.575 2.24245 0
3.6 2.255 0
3.625 2.26566 0
3.65 2.27441 0
3.675 2.28124 0
3.7 2.18612 0
3.725 2.28904 0
3.75 2.19 0
3.775 2.189 0
3.8 2.28603 0
3.825 2.28111 0
3.85 2.27424 0
3.875 2.26545 0
3.9 2.25475 0
3.925 2.14216 0
3.95 2.22772 0
3.975 2.21145 0
4 2.0934 0
4.025 2.17361 0
4.05 2.15212 0
4.075 2.02898 0
4.1 2.10424 0
4.125 1.97796 0
4.15 2.0502 0
4.175 2.02103 0
4.2 1.9905 0
4.225 1.85869 0
4.25 1.92568 0
4.275 1.89153 0
4.3 1.85633 0
4.325 1.82016 0
4.35 1.68309 0
4.375 1.64522 0
4.4 1.60663 0
4.425 1.6674 0
4.45 1.52764 0
4.475 1.48742 0
4.5 1.44684 0
4.525 1.406 0
4.55 1.46498 0
4.575 1.32388 0
4.6 1.38279 0
4.625 1.24182 0
4.65 1.30104 0
4.675 1.26056 0
4.7 1.12047 0
4.725 1.18085 0
4.75 1.04181 0
4.775 1.00342 0
4.8 0.96578 0
4.825 0.928971 0
4.85 0.893078 0
4.875 0.958183 0
4.9 0.824366 0
4.925 0.891704 0
4.95 0.860271 0
4.975 0.730141 0
5 0.80138 0
5.025 0.674056 0
5.05 0.748229 0
5.075 0.723961 0
5.1 0.701305 0
5.125 0.680314 0
5.15 0.661035 0
5.175 0.643513 0
5.2 0.527788 0
5.225 0.613895 0
5.25 0.501867 0
5.275 0.49173 0
5.3 0.583509 0
5.325 0.577221 0
5.35 0.472881 0
5.375 0.570499 0
5.4 0.570081 0
5.425 0.471627 0
5.45 0.475134 0
5.475 0.580594 0
5.5 0.587994 0
5.525 0.497317 0
5.55 0.508543 0
5.575 0.621646 0
5.6 0.536595 0
5.625 0.553356 0
5.65 0.671892 0
5.675 0.692159 0
5.7 0.614112 0
5.725 0.6377 0
5.75 0.76287 0
5.775 0.789564 0
5.8 0.717721 0
5.825 0.747276 0
5.85 0.778163 0
5.875 0.81031 0
5.9 0.943645 0
5.925 0.878091 0
5.95 1.01357 0
5.975 1.05 0
6 1.08729 0
6.025 1.12538 0
6.05 1.16415 0
6.075 1.20353 0
6.1 1.14344 0
6.125 1.18376 0
6.15 1.22442 0
6.175 1.36532 0
6.2 1.30637 0
6.225 1.34748 0
6.25 1.48854 0
6.275 1.52947 0
6.3 1.47018 0
6.325 1.61056 0
6.35 1.55053 0
6.375 1.69 0
6.4 1.72887 0
6.425 1.76706 0
6.45 1.70448 0
6.475 1.84104 0
6.5 1.87667 0
6.525 1.91127 0
6.55 1.94478 0
6.575 1.87711 0
6.6 2.00819 0
6.625 2.03795 0
6.65 1.96632 0
6.675 1.99323 0
6.7 2.11863 0
6.725 2.14246 0
6.75 2.16466 0
6.775 2.18519 0
6.8 2.20398 0
6.825 2.12101 0
6.85 2.13624 0
6.875 2.24962 0
6.9 2.16112 0
6.925 2.17073 0
6.95 2.27842 0
6.975 2.18417 0
7 2.18797 0
7.025 2.18981 0
7.05 2.28969 0
7.075 2.1876 0
7.1 2.28355 0
7.125 2.17755 0
7.15 2.26962 0
7.175 2.15977 0
7.2 2.24802 0
7.225 2.23441 0
7.25 2.11895 0
7.275 2.2017 0
7.3 2.08268 0
7.325 2.16194 0
7.35 2.13953 0
7.375 2.1155 0
7.4 1.9899 0
7.425 2.0628 0
7.45 2.03425 0
7.475 1.90432 0
7.5 1.87308 0
7.525 1.84059 0
7.55 1.90695 0
7.575 1.87221 0
7.6 1.83646 0
7.625 1.79978 0
7.65 1.76226 0
7.675 1.72398 0
7.7 1.68502 0
7.725 1.54549 0
7.75 1.50546 0
7.775 1.56503 0
7.8 1.4243 0
7.825 1.48334 0
7.85 1.44227 0
7.875 1.40117 0
7.9 1.36013 0
7.925 1.31925 0
7.95 1.27863 0
7.975 1.23835 0
8 1.09851 0
8.025 1.1592 0
8.05 1.02051 0
8.075 1.08252 0
8.1 0.945331 0
8.125 1.00902 0
8.15 0.873666 0
8.175 0.939357 0
8.2 0.806169 0
8.225 0.774177 0
8.25 0.843456 0
8.275 0.714074 0
8.3 0.686099 0
8.325 0.659595 0
8.35 0.634622 0
8.375 0.711238 0
8.4 0.689496 0
8.425 0.669446 0
8.45 0.651133 0
8.475 0.534599 0
8.5 0.619882 0
8.525 0.607016 0
8.55 0.59603 0
8.575 0.586949 0
8.6 0.479794 0
8.625 0.474581 0
8.65 0.471322 0
8.675 0.470025 0
8.7 0.570693 0
8.725 0.573323 0
8.75 0.57791 0
8.775 0.484444 0
8.8 0.59291 0
8.825 0.603287 0
8.85 0.615554 0
8.875 0.62968 0
8.9 0.545635 0
8.925 0.663382 0
8.95 0.58288 0
8.975 0.604085 0
9 0.726948 0
9.025 0.751418 0
9.05 0.677437 0
9.075 0.704947 0
9.1 0.833885 0
9.125 0.764185 0
9.15 0.895777 0
9.175 0.828589 0
9.2 0.962548 0
9.225 0.897573 0
9.25 0.933587 0
9.275 0.970507 0
9.3 1.10825 0
9.325 1.14672 0
9.35 1.18585 0
9.375 1.12553 0
9.4 1.16567 0
9.425 1.3062 0
9.45 1.247 0
9.475 1.388 0
9.5 1.42909 0
9.525 1.47018 0
9.55 1.51118 0
9.575 1.452 0
9.6 1.49254 0
9.625 1.5327 0
9.65 1.67241 0
9.675 1.61156 0
9.7 1.65006 0
9.725 1.68784 0
9.75 1.72479 0
9.775 1.86085 0
9.8 1.89592 0
9.825 1.82993 0
9.85 1.96279 0
9.875 1.99444 0
9.9 2.0248 0
9.925 2.0538 0
9.95 2.08137 0
9.975 2.00746 0
10 2.132 1
10.025 2.05494 1
10.05 2.17621 1
10.075 2.19579 1
10.1 2.21362 1
10.125 2.12965 1
10.15 2.24386 1
10.175 2.25621 1
10.2 2.16667 1
10.225 2.27522 1
10.25 2.28184 1
10.275 2.28652 1
10.3 2.18923 1
10.325 2.18999 1
10.35 2.28878 1
10.375 2.1856 1
10.4 2.28048 1
10.425 2.17341 1
10.45 2.16441 1
10.475 2.25351 1
10.5 2.14073 1
10.525 2.12609 1
10.55 2.10964 1
10.575 2.0914 1
10.6 2.07143 1
10.625 2.04976 1
10.65 2.12645 1
10.675 2.10155 1
10.7 2.07511 1
10.725 1.9472 1
10.75 1.91788 1
10.775 1.88721 1
10.8 1.85528 1
10.825 1.92214 1
10.85 1.88788 1
10.875 1.75257 1
10.9 1.8163 1
10.925 1.67914 1
10.95 1.74119 1
10.975 1.70253 1
11 1.66324 1
11.025 1.52342 1
11.05 1.48316 1
11.075 1.54255 1
11.1 1.50169 1
11.125 1.46065 1
11.15 1.41955 1
11.175 1.27848 1
11.2 1.23752 1
11.225 1.29677 1
11.25 1.25632 1
11.275 1.11628 1
11.3 1.17672 1
11.325 1.13774 1
11.35 0.999424 1
11.375 0.961867 1
11.4 1.02515 1
11.425 0.989358 1
11.45 0.954573 1
11.475 0.820874 1
11.5 0.788337 1
11.525 0.857039 1
11.55 0.827049 1
11.575 0.698436 1
11.6 0.671267 1
11.625 0.645602 1
11.65 0.6215 1
11.675 0.599017 1
11.7 0.678204 1
11.725 0.559108 1
11.75 0.641774 1
11.775 0.52624 1
11.8 0.512542 1
11.825 0.500711 1
11.85 0.490775 1
11.875 0.582756 1
11.9 0.576672 1
11.925 0.572538 1
11.95 0.570363 1
11.975 0.570151 1
12 0.571904 1
12.025 0.475617 1
12.05 0.481281 1
12.075 0.488885 1
12.1 0.49841 1
12.125 0.509834 1
12.15 0.523132 1
12.175 0.638274 1
12.2 0.555224 1
12.225 0.573943 1
12.25 0.59439 1
12.275 0.616518 1
12.3 0.740275 1
12.325 0.765608 1
12.35 0.692459 1
12.375 0.720766 1
12.4 0.850465 1
12.425 0.881488 1
12.45 0.813763 1
12.475 0.847218 1
12.5 0.981776 1
12.525 1.01736 1
12.55 1.05388 1
12.575 1.09127 1
12.6 1.12942 1
12.625 1.16827 1
12.65 1.20771 1
12.675 1.24766 1
12.7 1.18803 1
12.725 1.22872 1
12.75 1.26964 1
12.775 1.4107 1
12.8 1.4518 1
12.825 1.39286 1
12.85 1.43377 1
12.875 1.57444 1
12.9 1.61478 1
12.925 1.55471 1
12.95 1.59411 1
12.975 1.73292 1
13 1.67103 1
13.025 1.70837 1
13.05 1.84484 1
13.075 1.78036 1
13.1 1.91485 1
13.125 1.94824 1
13.15 1.88044 1
13.175 2.01138 1
13.2 1.941 1
13.225 1.96922 1
13.25 2.09598 1
13.275 2.12122 1
13.3 2.14488 1
13.325 2.0669 1
13.35 2.18725 1
13.375 2.20586 1
13.4 2.2227 1
13.425 2.13773 1
13.45 2.15092 1
13.475 2.16222 1
13.5 2.17163 1
13.525 2.17912 1
13.55 2.28467 1
13.575 2.28826 1
13.6 2.28989 1
13.625 2.28956 1
13.65 2.18727 1
13.675 2.18301 1
13.7 2.17681 1
13.725 2.26867 1
13.75 2.25862 1
13.775 2.14668 1
13.8 2.23287 1
13.825 2.11722 1
13.85 2.09978 1
13.875 2.18058 1
13.9 2.15966 1
13.925 2.03708 1
13.95 2.01288 1
13.975 1.98712 1
14 1.95986 1
14.025 2.03116 1
14.05 2.00109 1
14.075 1.86972 1
14.1 1.83711 1
14.125 1.80334 1
14.15 1.86849 1
14.175 1.83264 1
14.2 1.69587 1
14.225 1.75826 1
14.25 1.71991 1
14.275 1.68089 1
14.3 1.6413 1
14.325 1.60122 1
14.35 1.46076 1
14.375 1.42 1
14.4 1.37903 1
14.425 1.43794 1
14.45 1.29684 1
14.475 1.25582 1
14.5 1.21497 1
14.525 1.27437 1
14.55 1.23414 1
14.575 1.19435 1
14.6 1.1551 1
14.625 1.11648 1
14.65 0.978571 1
14.675 1.04147 1
14.7 0.905251 1
14.725 0.870006 1
14.75 0.935811 1
14.775 0.802745 1
14.8 0.770884 1
14.825 0.7403 1
14.85 0.711063 1
14.875 0.68324 1
14.9 0.756894 1
14.925 0.732086 1
14.95 0.708872 1
14.975 0.687306 1
15 0.567436 1
15.025 0.649309 1
15.05 0.532964 1
15.075 0.518441 1
15.1 0.505771 1
15.125 0.594985 1
15.15 0.486105 1
15.175 0.479154 1
15.2 0.474146 1
15.225 0.571094 1
15.25 0.570003 1
15.275 0.470877 1
15.3 0.473714 1
15.325 0.478506 1
15.35 0.585244 1
15.375 0.493912 1
15.4 0.60449 1
15.425 0.516953 1
15.45 0.631274 1
15.475 0.647419 1
15.5 0.565352 1
15.525 0.585032 1
15.55 0.606414 1
15.575 0.629448 1
15.6 0.654083 1
15.625 0.680262 1
15.65 0.707926 1
15.675 0.83701 1
15.7 0.767449 1
15.725 0.799173 1
15.75 0.93211 1
15.775 0.866184 1
15.8 1.00132 1
15.825 1.03743 1
15.85 0.97444 1
15.875 1.11226 1
15.9 1.05081 1
15.925 1.19 1
15.95 1.22973 1
15.975 1.16992 1
16 1.21048 1
16.025 1.25131 1
16.05 1.29232 1
16.075 1.33341 1
16.1 1.3745 1
16.125 1.41549 1
16.15 1.45628 1
16.175 1.49678 1
16.2 1.5369 1
16.225 1.67655 1
16.25 1.71564 1
16.275 1.65407 1
16.3 1.79177 1
16.325 1.82863 1
16.35 1.86459 1
16.375 1.79955 1
16.4 1.83344 1
16.425 1.96618 1
16.45 1.9977 1
16.475 1.92792 1
16.5 2.05677 1
16.525 1.98419 1
16.55 2.01012 1
16.575 2.03449 1
16.6 2.05725 1
16.625 2.17836 1
16.65 2.19775 1
16.675 2.11539 1
16.7 2.13123 1
16.725 2.24525 1
16.75 2.2574 1
16.775 2.16766 1
16.8 2.27601 1
16.825 2.28242 1
16.85 2.18689 1
16.875 2.1894 1
16.9 2.28995 1
16.925 2.28854 1
16.95 2.18516 1
16.975 2.27983 1
17 2.17255 1
17.025 2.26336 1
17.05 2.15225 1
17.075 2.13927 1
17.1 2.22445 1
17.125 2.2078 1
17.15 2.08938 1
17.175 2.16923 1
17.2 2.04738 1
17.225 2.1239 1
17.25 2.09884 1
17.275 1.97224 1
17.3 1.94418 1
17.325 2.01471 1
17.35 1.88391 1
17.375 1.85184 1
17.4 1.81859 1
17.425 1.78421 1
17.45 1.7488 1
17.475 1.71243 1
17.5 1.77519 1
17.525 1.73716 1
17.55 1.59842 1
17.575 1.55908 1
17.6 1.61921 1
17.625 1.57891 1
17.65 1.43826 1
17.675 1.39737 1
17.7 1.35633 1
17.725 1.31523 1
17.75 1.27416 1
17.775 1.23322 1
17.8 1.1925 1
17.825 1.15209 1
17.85 1.11209 1
17.875 1.17259 1
17.9 1.13367 1
17.925 0.995435 1
17.95 0.957962 1
17.975 1.02134 1
18 0.885649 1
18.025 0.950975 1
18.05 0.917394 1
18.075 0.784985 1
18.1 0.75382 1
18.125 0.723972 1
18.15 0.695509 1
18.175 0.768494 1
18.2 0.642991 1
18.225 0.619057 1
18.25 0.696748 1
18.275 0.676113 1
18.3 0.557201 1
18.325 0.540054 1
18.35 0.624711 1
18.375 0.611208 1
18.4 0.599576 1
18.425 0.489841 1
18.45 0.582024 1
18.475 0.576145 1
18.5 0.472217 1
18.525 0.570248 1
18.55 0.570243 1
18.575 0.472202 1
18.6 0.576121 1
18.625 0.48199 1
18.65 0.589797 1
18.675 0.499523 1
18.7 0.511146 1
18.725 0.624639 1
18.75 0.539973 1
18.775 0.557111 1
18.8 0.576014 1
18.825 0.69664 1
18.85 0.618942 1
18.875 0.742868 1
18.9 0.768363 1
18.925 0.69537 1
18.95 0.723826 1
18.975 0.853668 1
19 0.884826 1
19.025 0.917229 1
19.05 0.850804 1
19.075 0.985473 1
19.1 1.02116 1
19.125 0.957777 1
19.15 0.995246 1
19.175 1.03348 1
19.2 1.07239 1
19.225 1.21189 1
19.25 1.25189 1
19.275 1.19229 1
19.3 1.33301 1
19.325 1.37395 1
19.35 1.41502 1
19.375 1.35613 1
19.4 1.49717 1
19.425 1.43806 1
19.45 1.5787 1
19.475 1.61901 1
19.5 1.55888 1
19.525 1.69823 1
19.55 1.63696 1
19.575 1.675 1
19.6 1.71225 1
19.625 1.74862 1
19.65 1.88404 1
19.675 1.81842 1
19.7 1.95168 1
19.725 1.98375 1
19.75 2.01456 1
19.775 1.94403 1
19.8 2.0721 1
19.825 1.99871 1
19.85 2.12378 1
19.875 2.04727 1
19.9 2.06912 1
19.925 2.18929 1
19.95 2.20772 1
19.975 2.12437 1
