1.983 0.804192 0.300884 1.37371
0 1.63252 0
0.025 1.77215 0
0.05 1.81093 0
0.075 1.74875 0
0.1 1.78552 0
0.125 1.82116 0
0.15 1.95559 0
0.175 1.88871 0
0.2 2.02045 0
0.225 2.05073 0
0.25 1.97948 0
0.275 2.00662 0
0.3 2.0321 0
0.325 2.15585 0
0.35 2.07782 0
0.375 2.19794 0
0.4 2.11618 0
0.425 2.13248 0
0.45 2.14681 0
0.475 2.25914 0
0.5 2.16943 0
0.525 2.17766 0
0.55 2.28381 0
0.575 2.28786 0
0.6 2.28981 0
0.625 2.28965 0
0.65 2.28738 0
0.675 2.183 0
0.7 2.17653 0
0.725 2.16798 0
0.75 2.15737 0
0.775 2.14474 0
0.8 2.2301 0
0.825 2.11349 0
0.85 2.09496 0
0.875 2.17455 0
0.9 2.05231 0
0.925 2.02829 0
0.95 2.10255 0
0.975 1.97515 0
1 2.04616 0
1.025 2.01565 0
1.05 1.88369 0
1.075 1.95037 0
1.1 1.91575 0
1.125 1.77993 0
1.15 1.74299 0
1.175 1.80501 0
1.2 1.6661 0
1.225 1.62635 0
1.25 1.58585 0
1.275 1.6447 0
1.3 1.50299 0
1.325 1.56084 0
1.35 1.41834 0
1.375 1.4756 0
1.4 1.43271 0
1.425 1.38979 0
1.45 1.24693 0
1.475 1.30424 0
1.5 1.26182 0
1.525 1.11978 0
1.55 1.07821 0
1.575 1.03723 0
1.6 0.996916 0
1.625 0.957379 0
1.65 1.01871 0
1.675 0.981007 0
1.7 0.844356 0
1.725 0.908848 0
1.75 0.874569 0
1.775 0.741601 0
1.8 0.710024 0
1.825 0.779915 0
1.85 0.751346 0
1.875 0.724386 0
1.9 0.699101 0
1.925 0.575552 0
1.95 0.553795 0
1.975 0.633883 0
2 0.515865 1
2.025 0.599783 1
2.05 0.485678 1
2.075 0.573582 1
2.1 0.463525 1
2.125 0.455532 1
2.15 0.449621 1
2.175 0.545808 1
2.2 0.544101 1
2.225 0.444504 1
2.25 0.547017 1
2.275 0.451633 1
2.3 0.558341 1
2.325 0.567125 1
2.35 0.477964 1
2.375 0.590832 1
2.4 0.605696 1
2.425 0.522523 1
2.45 0.54127 1
2.475 0.561893 1
2.5 0.684341 1
2.525 0.708561 1
2.55 0.634493 1
2.575 0.762076 1
2.6 0.691241 1
2.625 0.82192 1
2.65 0.854038 1
2.675 0.887516 1
2.7 0.922275 1
2.725 0.95823 1
2.75 0.995294 1
2.775 0.933377 1
2.8 0.972388 1
2.825 1.11223 1
2.85 1.15281 1
2.875 1.19403 1
2.9 1.13579 1
2.925 1.27799 1
2.95 1.22052 1
2.975 1.36329 1
3 1.30618 1
3.025 1.44911 1
3.05 1.39195 1
3.075 1.53461 1
3.1 1.47699 1
3.125 1.51899 1
3.15 1.56049 1
3.175 1.60141 1
3.2 1.64163 1
3.225 1.78108 1
3.25 1.71964 1
3.275 1.85723 1
3.3 1.79375 1
3.325 1.82912 1
3.35 1.96326 1
3.375 1.99607 1
3.4 2.02748 1
3.425 1.95742 1
3.45 1.98581 1
3.475 2.11258 1
3.5 2.13767 1
3.525 2.16102 1
3.55 2.18257 1
3.575 2.10227 1
3.6 2.22007 1
3.625 2.13593 1
3.65 2.2498 1
3.675 2.26167 1
3.7 2.27149 1
3.725 2.27925 1
3.75 2.18492 1
3.775 2.28849 1
3.8 2.28996 1
3.825 2.18932 1
3.85 2.18656 1
3.875 2.28171 1
3.9 2.27476 1
3.925 2.26574 1
3.95 2.25467 1
3.975 2.24157 1
