1.967 0.786715 -0.596769 1.24928
0 0.610986 0
0.025 0.650148 0
0.05 0.790648 0
0.075 0.732389 0
0.1 0.775271 0
0.125 0.91919 0
0.15 0.96404 0
0.175 1.00971 0
0.2 0.9561 0
0.225 1.00309 0
0.25 1.15057 0
0.275 1.09842 0
0.3 1.14653 0
0.325 1.29478 0
0.35 1.34306 0
0.375 1.39125 0
0.4 1.33924 0
0.425 1.48691 0
0.45 1.43414 0
0.475 1.58082 0
0.5 1.62684 0
0.525 1.57208 0
0.55 1.61645 0
0.575 1.65982 0
0.6 1.80211 0
0.625 1.7432 0
0.65 1.78299 0
0.675 1.9214 0
0.7 1.85832 0
0.725 1.89368 0
0.75 2.02737 0
0.775 1.95934 0
0.8 1.98948 0
0.825 2.01774 0
0.85 2.04405 0
0.875 2.16834 0
0.9 2.19055 0
0.925 2.21063 0
0.95 2.12853 0
0.975 2.24422 0
1 2.15764 0
1.025 2.26877 0
1.05 2.27758 0
1.075 2.18406 0
1.1 2.18818 0
1.125 2.28993 0
1.15 2.28932 0
1.175 2.18633 0
1.2 2.18099 0
1.225 2.2733 0
1.25 2.16328 0
1.275 2.25095 0
1.3 2.23635 0
1.325 2.11951 0
1.35 2.20047 0
1.375 2.17928 0
1.4 2.05598 0
1.425 2.13064 0
1.45 2.00331 0
1.475 1.97406 0
1.5 1.94296 0
1.525 2.01009 0
1.55 1.87552 0
1.575 1.83934 0
1.6 1.80163 0
1.625 1.7625 0
1.65 1.82202 0
1.675 1.78029 0
1.7 1.63743 0
1.725 1.59353 0
1.75 1.64869 0
1.775 1.50303 0
1.8 1.55665 0
1.825 1.40967 0
1.85 1.3622 0
1.875 1.31436 0
1.9 1.36625 0
1.925 1.218 0
1.95 1.16972 0
1.975 1.22152 0
2 1.17353 1
2.025 1.02586 1
2.05 1.07862 1
2.075 1.03193 1
2.1 0.885902 1
2.125 0.840642 1
2.15 0.796262 1
2.175 0.752869 1
2.2 0.710567 1
2.225 0.669458 1
2.25 0.62964 1
2.275 0.591211 1
2.3 0.654262 1
2.325 0.518882 1
2.35 0.485156 1
2.375 0.553167 1
2.4 0.52299 1
2.425 0.394698 1
2.45 0.46836 1
2.475 0.444039 1
2.5 0.321793 1
2.525 0.301677 1
2.55 0.383738 1
2.575 0.368019 1
2.6 0.254559 1
2.625 0.34339 1
2.65 0.334539 1
2.675 0.228027 1
2.7 0.32387 1
2.725 0.222078 1
2.75 0.322655 1
2.775 0.3256 1
2.8 0.230905 1
2.825 0.238558 1
2.85 0.248541 1
2.875 0.360829 1
2.9 0.375393 1
2.925 0.292198 1
2.95 0.411203 1
2.975 0.432363 1
3 0.355626 1
3.025 0.380937 1
3.05 0.508234 1
3.075 0.537453 1
3.1 0.468522 1
3.125 0.601367 1
3.15 0.635908 1
3.175 0.672063 1
3.2 0.709744 1
3.225 0.648861 1
3.25 0.68932 1
3.275 0.831023 1
3.3 0.773869 1
3.325 0.917756 1
3.35 0.962578 1
3.375 0.908226 1
3.4 1.05459 1
3.425 1.00156 1
3.45 1.04903 1
3.475 1.09687 1
3.5 1.14497 1
3.525 1.19322 1
3.55 1.3415 1
3.575 1.3897 1
3.6 1.3377 1
3.625 1.48537 1
3.65 1.43262 1
3.675 1.57932 1
3.7 1.62536 1
3.725 1.67063 1
3.75 1.61503 1
3.775 1.75844 1
3.8 1.80076 1
3.825 1.84189 1
3.85 1.88173 1
3.875 1.82018 1
3.9 1.95715 1
3.925 1.89256 1
3.95 2.02631 1
3.975 1.95833 1
4 1.98854 1
4.025 2.01686 1
4.05 2.04323 1
4.075 2.06758 1
4.1 2.18986 1
4.125 2.21002 1
4.15 2.12799 1
4.175 2.14374 1
4.2 2.25724 1
4.225 2.26845 1
4.25 2.27734 1
4.275 2.18389 1
4.3 2.28808 1
4.325 2.18991 1
4.35 2.28937 1
4.375 2.28647 1
4.4 2.1812 1
4.425 2.27358 1
4.45 2.26364 1
4.475 2.25139 1
4.5 2.13686 1
4.525 2.22009 1
4.55 2.20112 1
4.575 2.08 1
4.6 2.15677 1
4.625 2.03149 1
4.65 2.00422 1
4.675 1.97503 1
4.7 1.94399 1
4.725 2.01118 1
4.75 1.87666 1
4.775 1.84053 1
4.8 1.90288 1
4.825 1.76378 1
4.85 1.72334 1
4.875 1.78166 1
4.9 1.73883 1
4.925 1.59496 1
4.95 1.65015 1
4.975 1.60452 1
5 1.55816 1
5.025 1.4112 1
5.05 1.46374 1
5.075 1.31591 1
5.1 1.36781 1
5.125 1.21956 1
5.15 1.17128 1
5.175 1.22308 1
5.2 1.17508 1
5.225 1.12739 1
5.25 0.980141 1
5.275 1.03343 1
5.3 0.887377 1
5.325 0.942091 1
5.35 0.897681 1
5.375 0.854254 1
5.4 0.811915 1
5.425 0.770766 1
5.45 0.730905 1
5.475 0.69243 1
5.5 0.655431 1
5.525 0.519999 1
5.55 0.586219 1
5.575 0.454172 1
5.6 0.423935 1
5.625 0.495582 1
5.65 0.46918 1
5.675 0.344792 1
5.7 0.322479 1
5.725 0.402293 1
5.75 0.384283 1
5.775 0.368492 1
5.8 0.354958 1
5.825 0.243715 1
5.85 0.234789 1
5.875 0.228201 1
5.9 0.223968 1
5.925 0.222099 1
5.95 0.322599 1
5.975 0.325467 1
