-3.00894 1.69137e+09 -1.18025 1.69137e+09
-3.13856 1.69137e+09 -1.05166 1.69137e+09
-1.66353 1.69137e+09 -0.530658 1.69137e+09
-1.51834 1.69137e+09 -0.844844 1.69137e+09
-1.62086 1.69137e+09 -0.986493 1.69137e+09
-1.42951 1.69137e+09 -0.886334 1.69137e+09
-1.2413 1.69137e+09 -0.873118 1.69137e+09
-1.2719 1.69137e+09 -1.02143 1.69137e+09
-1.2719 1.69137e+09 -1.02143 1.69137e+09
-1.2719 1.69137e+09 -1.02143 1.69137e+09
-1.2719 1.69137e+09 -1.02143 1.69137e+09
-0.0764751 1.69137e+09 -0.389533 1.69137e+09
-0.0764751 1.69137e+09 -0.389533 1.69137e+09
-0.0764751 1.69137e+09 -0.389533 1.69137e+09
-0.0764751 1.69137e+09 -0.389533 1.69137e+09
-0.0764751 1.69137e+09 -0.389533 1.69137e+09
-1.60394 1.69137e+09 -1.78135 1.69137e+09
-1.85604 1.69137e+09 -1.77432 1.69137e+09
-2.1197 1.69137e+09 -2.09192 1.69137e+09
-2.1197 1.69137e+09 -2.09192 1.69137e+09
-2.26971 1.69137e+09 -2.20503 1.69137e+09
-2.01858 1.69137e+09 -1.51125 1.69137e+09
-2.01858 1.69137e+09 -1.51125 1.69137e+09
-2.01858 1.69137e+09 -1.51125 1.69137e+09
-1.34918 1.69137e+09 -1.39415 1.69137e+09
-1.34895 1.69137e+09 -1.8707 1.69137e+09
-1.34895 1.69137e+09 -1.8707 1.69137e+09
-1.34895 1.69137e+09 -1.8707 1.69137e+09
-1.3341 1.69137e+09 -1.97914 1.69137e+09
-1.37035 1.69137e+09 -2.01618 1.69137e+09
-1.25183 1.69137e+09 -1.55658 1.69137e+09
-1.30605 1.69137e+09 -2.22896 1.69137e+09
-1.15645 1.69137e+09 -1.30495 1.69137e+09
-1.11181 1.69137e+09 -1.73766 1.69137e+09
-1.01892 1.69137e+09 -1.44669 1.69137e+09
-1.00092 1.69137e+09 -1.7436 1.69137e+09
-0.964603 1.69137e+09 -1.70341 1.69137e+09
-0.871604 1.69137e+09 -1.17706 1.69137e+09
-0.799416 1.69137e+09 -1.26804 1.69137e+09
-0.764504 1.69137e+09 -1.39116 1.69137e+09
-0.737576 1.69137e+09 -1.40235 1.69137e+09
-0.630825 1.69137e+09 -0.650027 1.69137e+09
-0.618714 1.69137e+09 -1.38082 1.69137e+09
-0.618714 1.69137e+09 -1.38082 1.69137e+09
-0.618714 1.69137e+09 -1.38082 1.69137e+09
-0.618714 1.69137e+09 -1.38082 1.69137e+09
-0.5259 1.69137e+09 -0.984132 1.69137e+09
-0.5259 1.69137e+09 -0.984132 1.69137e+09
-0.5259 1.69137e+09 -0.984132 1.69137e+09
-0.5259 1.69137e+09 -0.984132 1.69137e+09
-0.54723 1.69137e+09 -1.40452 1.69137e+09
-0.54723 1.69137e+09 -1.40452 1.69137e+09
-0.54723 1.69137e+09 -1.40452 1.69137e+09
-0.54723 1.69137e+09 -1.40452 1.69137e+09
-0.615906 1.69137e+09 -1.3478 1.69137e+09
-0.615906 1.69137e+09 -1.3478 1.69137e+09
-0.615906 1.69137e+09 -1.3478 1.69137e+09
-0.615906 1.69137e+09 -1.3478 1.69137e+09
-0.615906 1.69137e+09 -1.3478 1.69137e+09
-0.746285 1.69137e+09 -0.408234 1.69137e+09
-0.773728 1.69137e+09 -0.509964 1.69137e+09
-0.812056 1.69137e+09 -0.732899 1.69137e+09
-0.86515 1.69137e+09 -0.393134 1.69137e+09
-0.933578 1.69137e+09 -0.348758 1.69137e+09
-1.00569 1.69137e+09 -1.19753 1.69137e+09
-1.03545 1.69137e+09 -0.398923 1.69137e+09
-1.09043 1.69137e+09 -0.640785 1.69137e+09
-1.1525 1.69137e+09 -0.688971 1.69137e+09
-1.22441 1.69137e+09 -0.844942 1.69137e+09
-1.30079 1.69137e+09 -0.726528 1.69137e+09
-1.59818 1.69137e+09 -2.07261 1.69137e+09
-1.52234 1.69137e+09 -0.455324 1.69137e+09
-1.53232 1.69137e+09 -0.80821 1.69137e+09
-1.57849 1.69137e+09 -1.05071 1.69137e+09
-1.57849 1.69137e+09 -1.05071 1.69137e+09
-1.57849 1.69137e+09 -1.05071 1.69137e+09
-1.57849 1.69137e+09 -1.05071 1.69137e+09
-1.57849 1.69137e+09 -1.05071 1.69137e+09
-1.57849 1.69137e+09 -1.05071 1.69137e+09
-1.57849 1.69137e+09 -1.05071 1.69137e+09
-1.57849 1.69137e+09 -1.05071 1.69137e+09
-1.82001 1.69137e+09 -1.81705 1.69137e+09
-1.79762 1.69137e+09 -2.18239 1.69137e+09
-1.76155 1.69137e+09 -2.16731 1.69137e+09
-1.72288 1.69137e+09 -1.94795 1.69137e+09
-1.69166 1.69137e+09 -2.31587 1.69137e+09
-1.63694 1.69137e+09 -1.88904 1.69137e+09
-1.59265 1.69137e+09 -2.05837 1.69137e+09
-1.53168 1.69137e+09 -1.90732 1.69137e+09
-1.4793 1.69137e+09 -1.93756 1.69137e+09
-1.41064 1.69137e+09 -1.59167 1.69137e+09
-1.37664 1.69137e+09 -2.005 1.69137e+09
-1.29791 1.69137e+09 -1.61902 1.69137e+09
-1.29791 1.69137e+09 -1.61902 1.69137e+09
-1.16703 1.69137e+09 -1.63697 1.69137e+09
-1.16703 1.69137e+09 -1.63697 1.69137e+09
-1.16703 1.69137e+09 -1.63697 1.69137e+09
-1.16703 1.69137e+09 -1.63697 1.69137e+09
-0.935744 1.69137e+09 -1.45188 1.69137e+09
-0.870651 1.69137e+09 -1.32425 1.69137e+09
-0.845556 1.69137e+09 -1.61394 1.69137e+09
-0.845556 1.69137e+09 -1.61394 1.69137e+09
-0.845556 1.69137e+09 -1.61394 1.69137e+09
-0.601486 1.69137e+09 0.152293 1.69137e+09
-0.562989 1.69137e+09 -0.492246 1.69137e+09
-0.526586 1.69137e+09 -0.281313 1.69137e+09
-0.507808 1.69137e+09 -0.574971 1.69137e+09
-0.500265 1.69137e+09 -0.612145 1.69137e+09
-0.500265 1.69137e+09 -0.612145 1.69137e+09
-0.500265 1.69137e+09 -0.612145 1.69137e+09
-0.631753 1.69137e+09 -1.80538 1.69137e+09
-0.631753 1.69137e+09 -1.80538 1.69137e+09
-0.631753 1.69137e+09 -1.80538 1.69137e+09
-0.750706 1.69137e+09 -0.757876 1.69137e+09
-0.804129 1.69137e+09 -0.541842 1.69137e+09
-0.860173 1.69137e+09 -0.721333 1.69137e+09
-0.89929 1.69137e+09 -0.443659 1.69137e+09
-0.943935 1.69137e+09 -0.45519 1.69137e+09
-1.0142 1.69137e+09 -0.676446 1.69137e+09
-1.0142 1.69137e+09 -0.676446 1.69137e+09
-1.0142 1.69137e+09 -0.676446 1.69137e+09
-1.0142 1.69137e+09 -0.676446 1.69137e+09
-1.0142 1.69137e+09 -0.676446 1.69137e+09
-1.0142 1.69137e+09 -0.676446 1.69137e+09
-1.0142 1.69137e+09 -0.676446 1.69137e+09
-1.0142 1.69137e+09 -0.676446 1.69137e+09
-1.48193 1.69137e+09 -0.668078 1.69137e+09
-1.55754 1.69137e+09 -0.694415 1.69137e+09
-1.62502 1.69137e+09 -0.892316 1.69137e+09
-1.65111 1.69137e+09 -0.836745 1.69137e+09
-1.6476 1.69137e+09 -0.527892 1.69137e+09
-1.66711 1.69137e+09 -0.812144 1.69137e+09
-1.70525 1.69137e+09 -1.00453 1.69137e+09
-1.74076 1.69137e+09 -1.06805 1.69137e+09
-1.76537 1.69137e+09 -0.923932 1.69137e+09
-1.84045 1.69137e+09 -1.95744 1.69137e+09
-1.82036 1.69137e+09 -0.656927 1.69137e+09
-1.81843 1.69137e+09 -0.865721 1.69137e+09
-1.82511 1.69137e+09 -1.07069 1.69137e+09
-1.81293 1.69137e+09 -0.651752 1.69137e+09
-1.81293 1.69137e+09 -0.651752 1.69137e+09
-1.81123 1.69137e+09 -0.728081 1.69137e+09
-1.81123 1.69137e+09 -0.728081 1.69137e+09
-1.81123 1.69137e+09 -0.728081 1.69137e+09
-1.79437 1.69137e+09 -1.15311 1.69137e+09
-1.79437 1.69137e+09 -1.15311 1.69137e+09
-1.79437 1.69137e+09 -1.15311 1.69137e+09
-1.79437 1.69137e+09 -1.15311 1.69137e+09
-1.79437 1.69137e+09 -1.15311 1.69137e+09
-1.78746 1.69137e+09 -2.53205 1.69137e+09
-1.78471 1.69137e+09 -1.51496 1.69137e+09
-1.76015 1.69137e+09 -1.85822 1.69137e+09
-1.73004 1.69137e+09 -2.17852 1.69137e+09
-1.68722 1.69137e+09 -1.90671 1.69137e+09
-1.6159 1.69137e+09 -1.8582 1.69137e+09
-1.6159 1.69137e+09 -1.8582 1.69137e+09
-1.6159 1.69137e+09 -1.8582 1.69137e+09
-1.43601 1.69137e+09 -1.46168 1.69137e+09
-1.39232 1.69137e+09 -2.04975 1.69137e+09
-1.38564 1.69137e+09 -2.40649 1.69137e+09
-1.34655 1.69137e+09 -2.06695 1.69137e+09
-1.28454 1.69137e+09 -2.11612 1.69137e+09
-1.22743 1.69137e+09 -2.15416 1.69137e+09
-1.22743 1.69137e+09 -2.15416 1.69137e+09
-1.22743 1.69137e+09 -2.15416 1.69137e+09
-2.98435 1.69137e+09 -2.44432 1.69137e+09
-2.16589 1.69137e+09 -1.73593 1.69137e+09
-2.16589 1.69137e+09 -1.73593 1.69137e+09
-2.16589 1.69137e+09 -1.73593 1.69137e+09
-1.98829 1.69137e+09 -2.09496 1.69137e+09
-1.41857 1.69137e+09 -1.08908 1.69137e+09
-1.2563 1.69137e+09 -1.49374 1.69137e+09
-0.995179 1.69137e+09 -1.09395 1.69137e+09
-1.06752 1.69137e+09 -1.77596 1.69137e+09
-0.991043 1.69137e+09 -1.36977 1.69137e+09
-0.994338 1.69137e+09 -1.52007 1.69137e+09
-0.882731 1.69137e+09 -1.05162 1.69137e+09
-0.779665 1.69137e+09 -0.955888 1.69137e+09
-0.670808 1.69137e+09 -0.834631 1.69137e+09
-0.63532 1.69137e+09 -0.974056 1.69137e+09
-0.519877 1.69137e+09 -0.503906 1.69137e+09
-0.496002 1.69137e+09 -0.724236 1.69137e+09
-0.525311 1.69137e+09 -0.871726 1.69137e+09
-0.524681 1.69137e+09 -0.67489 1.69137e+09
-0.491789 1.69137e+09 -0.583764 1.69137e+09
-0.557906 1.69137e+09 -0.678081 1.69137e+09
-0.655521 1.69137e+09 -1.04935 1.69137e+09
-0.669705 1.69137e+09 -0.427503 1.69137e+09
-0.68686 1.69137e+09 -0.362874 1.69137e+09
-0.729478 1.69137e+09 -0.538456 1.69137e+09
-0.77265 1.69137e+09 -0.540236 1.69137e+09
-0.799894 1.69137e+09 -0.473575 1.69137e+09
-0.868083 1.69137e+09 -0.524303 1.69137e+09
-0.903533 1.69137e+09 -0.477348 1.69137e+09
-0.990102 1.69137e+09 -0.565313 1.69137e+09
-0.990102 1.69137e+09 -0.565313 1.69137e+09
-0.990102 1.69137e+09 -0.565313 1.69137e+09
-1.03087 1.69137e+09 -0.387936 1.69137e+09
-1.12113 1.69137e+09 -0.616654 1.69137e+09
-1.12113 1.69137e+09 -0.616654 1.69137e+09
-1.12113 1.69137e+09 -0.616654 1.69137e+09
-1.30335 1.69137e+09 -0.650739 1.69137e+09
-1.30204 1.69137e+09 -0.561263 1.69137e+09
-1.35266 1.69137e+09 -0.76335 1.69137e+09
-1.43138 1.69137e+09 -0.845869 1.69137e+09
-1.49319 1.69137e+09 -0.795521 1.69137e+09
-1.55193 1.69137e+09 -0.735352 1.69137e+09
-1.62177 1.69137e+09 -1.06337 1.69137e+09
-1.6883 1.69137e+09 -1.03943 1.69137e+09
-1.6883 1.69137e+09 -1.03943 1.69137e+09
-1.77474 1.69137e+09 -0.85882 1.69137e+09
-1.82339 1.69137e+09 -1.2611 1.69137e+09
-1.91298 1.69137e+09 -1.7251 1.69137e+09
-1.9591 1.69137e+09 -1.32024 1.69137e+09
-1.9591 1.69137e+09 -1.32024 1.69137e+09
-1.9591 1.69137e+09 -1.32024 1.69137e+09
-1.9591 1.69137e+09 -1.32024 1.69137e+09
-1.9591 1.69137e+09 -1.32024 1.69137e+09
-1.74615 1.69137e+09 -2.64658 1.69137e+09
-1.66336 1.69137e+09 -1.39886 1.69137e+09
-1.61131 1.69137e+09 -2.02905 1.69137e+09
-1.5238 1.69137e+09 -1.63743 1.69137e+09
-1.49759 1.69137e+09 -2.59764 1.69137e+09
-1.42367 1.69137e+09 -1.71814 1.69137e+09
-1.34415 1.69137e+09 -2.28729 1.69137e+09
-1.34415 1.69137e+09 -2.28729 1.69137e+09
-1.18949 1.69137e+09 -1.31875 1.69137e+09
-1.09997 1.69137e+09 -1.60036 1.69137e+09
-1.05602 1.69137e+09 -1.79693 1.69137e+09
-1.00032 1.69137e+09 -1.67265 1.69137e+09
-0.915085 1.69137e+09 -1.52412 1.69137e+09
-0.859005 1.69137e+09 -1.63167 1.69137e+09
-0.815995 1.69137e+09 -1.81229 1.69137e+09
-0.763584 1.69137e+09 -1.1209 1.69137e+09
-0.763584 1.69137e+09 -1.1209 1.69137e+09
-0.660285 1.69137e+09 -1.3079 1.69137e+09
-0.617736 1.69137e+09 -1.16283 1.69137e+09
-0.617736 1.69137e+09 -1.16283 1.69137e+09
-0.542071 1.69137e+09 -1.15464 1.69137e+09
-0.542071 1.69137e+09 -1.15464 1.69137e+09
-0.542071 1.69137e+09 -1.15464 1.69137e+09
-0.542071 1.69137e+09 -1.15464 1.69137e+09
-0.542071 1.69137e+09 -1.15464 1.69137e+09
-0.464924 1.69137e+09 -0.906821 1.69137e+09
-0.461659 1.69137e+09 -0.570866 1.69137e+09
-0.471281 1.69137e+09 -0.676071 1.69137e+09
-0.496637 1.69137e+09 -1.06226 1.69137e+09
-0.502461 1.69137e+09 -0.293265 1.69137e+09
-0.533374 1.69137e+09 -0.582054 1.69137e+09
-0.571214 1.69137e+09 -0.472257 1.69137e+09
-0.61239 1.69137e+09 -0.632898 1.69137e+09
-0.652223 1.69137e+09 -0.536736 1.69137e+09
-0.690216 1.69137e+09 -0.568918 1.69137e+09
-0.713262 1.69137e+09 -0.392742 1.69137e+09
-0.786711 1.69137e+09 -0.372869 1.69137e+09
-0.85908 1.69137e+09 -0.613749 1.69137e+09
-0.919403 1.69137e+09 -0.55481 1.69137e+09
-0.919403 1.69137e+09 -0.55481 1.69137e+09
-0.919403 1.69137e+09 -0.55481 1.69137e+09
-1.09038 1.69137e+09 -0.368925 1.69137e+09
-1.18443 1.69137e+09 -0.406216 1.69137e+09
-1.18443 1.69137e+09 -0.406216 1.69137e+09
-1.18443 1.69137e+09 -0.406216 1.69137e+09
-1.44387 1.69137e+09 -1.02482 1.69137e+09
-1.54455 1.69137e+09 -1.24122 1.69137e+09
-1.5841 1.69137e+09 -0.758579 1.69137e+09
-1.62034 1.69137e+09 -1.07796 1.69137e+09
-1.63818 1.69137e+09 -0.820046 1.69137e+09
-1.63818 1.69137e+09 -0.820046 1.69137e+09
-1.63818 1.69137e+09 -0.820046 1.69137e+09
-1.63818 1.69137e+09 -0.820046 1.69137e+09
-1.63818 1.69137e+09 -0.820046 1.69137e+09
-1.09426 1.69137e+09 -0.745969 1.69137e+09
0.907877 1.69137e+09 0.0161885 1.69137e+09
1.05991 1.69137e+09 -0.204946 1.69137e+09
-0.188127 1.69137e+09 -0.81978 1.69137e+09
-0.482486 1.69137e+09 -0.433399 1.69137e+09
-0.482486 1.69137e+09 -0.433399 1.69137e+09
-0.482486 1.69137e+09 -0.433399 1.69137e+09
-0.482486 1.69137e+09 -0.433399 1.69137e+09
-0.482486 1.69137e+09 -0.433399 1.69137e+09
-0.0930476 1.69137e+09 0.18825 1.69137e+09
-0.0930476 1.69137e+09 0.18825 1.69137e+09
-0.0930476 1.69137e+09 0.18825 1.69137e+09
-0.0930476 1.69137e+09 0.18825 1.69137e+09
-1.25779 1.69137e+09 -0.565661 1.69137e+09
-1.25779 1.69137e+09 -0.565661 1.69137e+09
-1.25779 1.69137e+09 -0.565661 1.69137e+09
-1.72186 1.69137e+09 -0.710922 1.69137e+09
-1.74421 1.69137e+09 -0.62951 1.69137e+09
-1.78814 1.69137e+09 -0.648976 1.69137e+09
-1.90112 1.69137e+09 -0.847351 1.69137e+09
-2.00569 1.69137e+09 -0.940675 1.69137e+09
-2.14829 1.69137e+09 -1.33358 1.69137e+09
-2.18634 1.69137e+09 -1.01426 1.69137e+09
-2.1684 1.69137e+09 -0.999956 1.69137e+09
-2.21275 1.69137e+09 -1.26039 1.69137e+09
-2.23101 1.69137e+09 -1.27416 1.69137e+09
-2.26997 1.69137e+09 -1.51064 1.69137e+09
-2.30695 1.69137e+09 -1.68584 1.69137e+09
-2.10906 1.69137e+09 -1.23391 1.69137e+09
-2.11748 1.69137e+09 -1.84679 1.69137e+09
-2.03586 1.69137e+09 -1.34518 1.69137e+09
-2.03586 1.69137e+09 -1.34518 1.69137e+09
-2.03586 1.69137e+09 -1.34518 1.69137e+09
-1.89585 1.69137e+09 -1.65698 1.69137e+09
-1.81382 1.69137e+09 -1.63781 1.69137e+09
-1.81382 1.69137e+09 -1.63781 1.69137e+09
-1.81382 1.69137e+09 -1.63781 1.69137e+09
-1.81382 1.69137e+09 -1.63781 1.69137e+09
-1.5047 1.69137e+09 -1.8048 1.69137e+09
-1.5047 1.69137e+09 -1.8048 1.69137e+09
-1.5047 1.69137e+09 -1.8048 1.69137e+09
-1.5047 1.69137e+09 -1.8048 1.69137e+09
-1.5047 1.69137e+09 -1.8048 1.69137e+09
-0.489801 1.69137e+09 -1.22167 1.69137e+09
-0.489801 1.69137e+09 -1.22167 1.69137e+09
-0.489801 1.69137e+09 -1.22167 1.69137e+09
-0.384976 1.69137e+09 -1.14919 1.69137e+09
-0.437211 1.69137e+09 -1.32427 1.69137e+09
-0.402928 1.69137e+09 -0.926513 1.69137e+09
-0.38288 1.69137e+09 -0.931322 1.69137e+09
-0.366146 1.69137e+09 -0.891737 1.69137e+09
-0.366656 1.69137e+09 -1.01078 1.69137e+09
-0.360982 1.69137e+09 -0.835648 1.69137e+09
-0.37299 1.69137e+09 -0.854101 1.69137e+09
-0.382142 1.69137e+09 -0.673903 1.69137e+09
-0.395848 1.69137e+09 -0.51349 1.69137e+09
-0.444745 1.69137e+09 -0.817975 1.69137e+09
-0.486115 1.69137e+09 -0.501043 1.69137e+09
-0.550958 1.69137e+09 -0.864883 1.69137e+09
-0.590611 1.69137e+09 -0.443708 1.69137e+09
-0.642963 1.69137e+09 -0.456246 1.69137e+09
-0.708699 1.69137e+09 -0.439155 1.69137e+09
-0.807643 1.69137e+09 -0.504118 1.69137e+09
-0.890641 1.69137e+09 -0.842308 1.69137e+09
-0.934141 1.69137e+09 -0.354927 1.69137e+09
-1.0179 1.69137e+09 -0.488241 1.69137e+09
-1.09829 1.69137e+09 -0.565523 1.69137e+09
-1.1569 1.69137e+09 -0.484389 1.69137e+09
-1.1569 1.69137e+09 -0.484389 1.69137e+09
-1.1569 1.69137e+09 -0.484389 1.69137e+09
-1.42073 1.69137e+09 -0.662845 1.69137e+09
-1.42073 1.69137e+09 -0.662845 1.69137e+09
-1.42073 1.69137e+09 -0.662845 1.69137e+09
-1.42073 1.69137e+09 -0.662845 1.69137e+09
-1.42073 1.69137e+09 -0.662845 1.69137e+09
-1.394 1.69137e+09 -0.927813 1.69137e+09
-0.870754 1.69137e+09 -0.247371 1.69137e+09
-0.870754 1.69137e+09 -0.247371 1.69137e+09
-0.870754 1.69137e+09 -0.247371 1.69137e+09
-1.90185 1.69137e+09 -1.89636 1.69137e+09
-1.50871 1.69137e+09 -1.56373 1.69137e+09
-0.347298 1.69137e+09 -1.00054 1.69137e+09
-0.646983 1.69137e+09 -1.45736 1.69137e+09
-0.494647 1.69137e+09 -1.16025 1.69137e+09
-0.571472 1.69137e+09 -1.17593 1.69137e+09
-0.707746 1.69137e+09 -1.13231 1.69137e+09
-0.707746 1.69137e+09 -1.13231 1.69137e+09
-1.03439 1.69137e+09 -1.25798 1.69137e+09
-1.03439 1.69137e+09 -1.25798 1.69137e+09
-1.03439 1.69137e+09 -1.25798 1.69137e+09
-1.14864 1.69137e+09 -0.989286 1.69137e+09
-1.14864 1.69137e+09 -0.989286 1.69137e+09
-1.14864 1.69137e+09 -0.989286 1.69137e+09
-1.14864 1.69137e+09 -0.989286 1.69137e+09
-1.14864 1.69137e+09 -0.989286 1.69137e+09
-1.14864 1.69137e+09 -0.989286 1.69137e+09
-1.14864 1.69137e+09 -0.989286 1.69137e+09
-1.14864 1.69137e+09 -0.989286 1.69137e+09
-1.14864 1.69137e+09 -0.989286 1.69137e+09
-1.89141 1.69137e+09 -1.40888 1.69137e+09
-1.01964 1.69137e+09 -0.785562 1.69137e+09
-1.85503 1.69137e+09 -1.77395 1.69137e+09
-2.01013 1.69137e+09 -1.61089 1.69137e+09
-1.95911 1.69137e+09 -1.53857 1.69137e+09
-2.26403 1.69137e+09 -2.00964 1.69137e+09
-1.78672 1.69137e+09 -1.3081 1.69137e+09
-2.00009 1.69137e+09 -1.98316 1.69137e+09
-1.91802 1.69137e+09 -1.77271 1.69137e+09
-1.75677 1.69137e+09 -1.75203 1.69137e+09
-1.79981 1.69137e+09 -1.94683 1.69137e+09
-1.79981 1.69137e+09 -1.94683 1.69137e+09
-1.44856 1.69137e+09 -1.60736 1.69137e+09
-1.39725 1.69137e+09 -1.85328 1.69137e+09
-1.50023 1.69137e+09 -2.04504 1.69137e+09
-1.50023 1.69137e+09 -2.04504 1.69137e+09
-1.50023 1.69137e+09 -2.04504 1.69137e+09
-4.95364 1.69137e+09 -2.29632 1.69137e+09
-2.50355 1.69137e+09 -0.863069 1.69137e+09
-2.50355 1.69137e+09 -0.863069 1.69137e+09
-2.50355 1.69137e+09 -0.863069 1.69137e+09
-1.48131 1.69137e+09 -1.51787 1.69137e+09
-1.69563 1.69137e+09 -1.86804 1.69137e+09
-1.71082 1.69137e+09 -1.87337 1.69137e+09
-1.71082 1.69137e+09 -1.87337 1.69137e+09
-1.71082 1.69137e+09 -1.87337 1.69137e+09
-1.71082 1.69137e+09 -1.87337 1.69137e+09
-0.594477 1.69137e+09 -1.25056 1.69137e+09
-0.325295 1.69137e+09 -0.899262 1.69137e+09
-0.494413 1.69137e+09 -0.977012 1.69137e+09
-0.407957 1.69137e+09 -0.781086 1.69137e+09
-0.334643 1.69137e+09 -0.688266 1.69137e+09
-0.601328 1.69137e+09 -0.899805 1.69137e+09
-0.601328 1.69137e+09 -0.899805 1.69137e+09
-0.601328 1.69137e+09 -0.899805 1.69137e+09
-0.949794 1.69137e+09 -0.784581 1.69137e+09
-0.949794 1.69137e+09 -0.784581 1.69137e+09
-0.949794 1.69137e+09 -0.784581 1.69137e+09
-0.949794 1.69137e+09 -0.784581 1.69137e+09
-0.949794 1.69137e+09 -0.784581 1.69137e+09
-0.949794 1.69137e+09 -0.784581 1.69137e+09
-0.949794 1.69137e+09 -0.784581 1.69137e+09
-0.949794 1.69137e+09 -0.784581 1.69137e+09
-1.85453 1.69137e+09 -1.26855 1.69137e+09
-1.70884 1.69137e+09 -1.83602 1.69137e+09
-1.3177 1.69137e+09 -1.56201 1.69137e+09
-1.18983 1.69137e+09 -1.63619 1.69137e+09
-1.39718 1.69137e+09 -1.87539 1.69137e+09
-0.958136 1.69137e+09 -1.16479 1.69137e+09
-0.578194 1.69137e+09 -0.979226 1.69137e+09
-0.54388 1.69137e+09 -1.25118 1.69137e+09
-0.51708 1.69137e+09 -1.15224 1.69137e+09
-0.51708 1.69137e+09 -1.15224 1.69137e+09
-0.51708 1.69137e+09 -1.15224 1.69137e+09
-0.51708 1.69137e+09 -1.15224 1.69137e+09
-0.51708 1.69137e+09 -1.15224 1.69137e+09
-0.340413 1.69137e+09 -0.646891 1.69137e+09
-0.50082 1.69137e+09 -0.748673 1.69137e+09
-0.593199 1.69137e+09 -0.649153 1.69137e+09
-0.416082 1.69137e+09 -0.372684 1.69137e+09
-0.462523 1.69137e+09 -0.5154 1.69137e+09
-0.720182 1.69137e+09 -0.720856 1.69137e+09
-0.688823 1.69137e+09 -0.36818 1.69137e+09
-0.852086 1.69137e+09 -0.631414 1.69137e+09
-0.831499 1.69137e+09 -0.366721 1.69137e+09
-0.831499 1.69137e+09 -0.366721 1.69137e+09
-1.1992 1.69137e+09 -1.54335 1.69137e+09
-1.26192 1.69137e+09 -0.563604 1.69137e+09
-1.32588 1.69137e+09 -0.43553 1.69137e+09
-1.44751 1.69137e+09 -0.955579 1.69137e+09
-1.48902 1.69137e+09 -0.678503 1.69137e+09
-1.48902 1.69137e+09 -0.678503 1.69137e+09
-1.48902 1.69137e+09 -0.678503 1.69137e+09
-1.48902 1.69137e+09 -0.678503 1.69137e+09
-1.48902 1.69137e+09 -0.678503 1.69137e+09
-1.82125 1.69137e+09 -0.985765 1.69137e+09
-1.82125 1.69137e+09 -0.985765 1.69137e+09
-1.82125 1.69137e+09 -0.985765 1.69137e+09
-1.82125 1.69137e+09 -0.985765 1.69137e+09
-1.82125 1.69137e+09 -0.985765 1.69137e+09
-1.82125 1.69137e+09 -0.985765 1.69137e+09
-2.03412 1.69137e+09 -1.8482 1.69137e+09
-2.02408 1.69137e+09 -1.76746 1.69137e+09
-2.00621 1.69137e+09 -2.39804 1.69137e+09
-1.9787 1.69137e+09 -0.647788 1.69137e+09
-1.9787 1.69137e+09 -0.647788 1.69137e+09
-1.9787 1.69137e+09 -0.647788 1.69137e+09
-1.88989 1.69137e+09 -2.09617 1.69137e+09
-1.88989 1.69137e+09 -2.09617 1.69137e+09
-1.78041 1.69137e+09 -1.46054 1.69137e+09
-1.64383 1.69137e+09 -1.43266 1.69137e+09
-1.66019 1.69137e+09 -2.2694 1.69137e+09
-1.53426 1.69137e+09 -1.7084 1.69137e+09
-1.52318 1.69137e+09 -2.36038 1.69137e+09
-1.46045 1.69137e+09 -1.9387 1.69137e+09
-1.46045 1.69137e+09 -1.9387 1.69137e+09
-1.46045 1.69137e+09 -1.9387 1.69137e+09
-1.46045 1.69137e+09 -1.9387 1.69137e+09
-1.16874 1.69137e+09 -1.93297 1.69137e+09
-1.09473 1.69137e+09 -1.67426 1.69137e+09
-1.02918 1.69137e+09 -1.39731 1.69137e+09
-0.960838 1.69137e+09 -1.56357 1.69137e+09
-0.889051 1.69137e+09 -1.30267 1.69137e+09
-0.889051 1.69137e+09 -1.30267 1.69137e+09
-0.889051 1.69137e+09 -1.30267 1.69137e+09
-3.36803 1.69137e+09 -2.44394 1.69137e+09
-3.36803 1.69137e+09 -2.44394 1.69137e+09
-3.36803 1.69137e+09 -2.44394 1.69137e+09
-2.11649 1.69137e+09 -1.67769 1.69137e+09
-1.85548 1.69137e+09 -1.71966 1.69137e+09
-1.96716 1.69137e+09 -2.26284 1.69137e+09
-1.96716 1.69137e+09 -2.26284 1.69137e+09
-1.96716 1.69137e+09 -2.26284 1.69137e+09
-1.96716 1.69137e+09 -2.26284 1.69137e+09
-1.96716 1.69137e+09 -2.26284 1.69137e+09
-1.24068 1.69137e+09 -0.756595 1.69137e+09
-1.15432 1.69137e+09 -0.722661 1.69137e+09
-1.29125 1.69137e+09 -0.899672 1.69137e+09
-1.758 1.69137e+09 -1.24202 1.69137e+09
-1.58647 1.69137e+09 -0.898375 1.69137e+09
-1.58647 1.69137e+09 -0.898375 1.69137e+09
-1.58647 1.69137e+09 -0.898375 1.69137e+09
-1.58647 1.69137e+09 -0.898375 1.69137e+09
-1.58647 1.69137e+09 -0.898375 1.69137e+09
-1.32145 1.69137e+09 -0.739509 1.69137e+09
-0.784212 1.69137e+09 -0.424522 1.69137e+09
-0.472461 1.69137e+09 -0.398386 1.69137e+09
-0.475625 1.69137e+09 -0.485309 1.69137e+09
-0.433485 1.69137e+09 -0.446089 1.69137e+09
-0.946066 1.69137e+09 -0.840306 1.69137e+09
-1.03316 1.69137e+09 -0.696365 1.69137e+09
-0.911792 1.69137e+09 -0.537818 1.69137e+09
-0.911792 1.69137e+09 -0.537818 1.69137e+09
-0.911792 1.69137e+09 -0.537818 1.69137e+09
-1.25742 1.69137e+09 -0.938233 1.69137e+09
-1.25742 1.69137e+09 -0.938233 1.69137e+09
-1.25742 1.69137e+09 -0.938233 1.69137e+09
-1.25742 1.69137e+09 -0.938233 1.69137e+09
-1.25742 1.69137e+09 -0.938233 1.69137e+09
-2.07364 1.69137e+09 -1.71112 1.69137e+09
-1.92142 1.69137e+09 -1.32436 1.69137e+09
-2.27838 1.69137e+09 -2.20898 1.69137e+09
-2.08131 1.69137e+09 -1.32997 1.69137e+09
-2.04219 1.69137e+09 -1.62982 1.69137e+09
-2.04219 1.69137e+09 -1.62982 1.69137e+09
-2.04219 1.69137e+09 -1.62982 1.69137e+09
-1.52547 1.69137e+09 -1.95617 1.69137e+09
-1.52938 1.69137e+09 -2.05682 1.69137e+09
-1.43268 1.69137e+09 -1.98473 1.69137e+09
-1.47011 1.69137e+09 -2.66995 1.69137e+09
-1.30374 1.69137e+09 -1.40544 1.69137e+09
-1.24942 1.69137e+09 -2.12781 1.69137e+09
-1.15583 1.69137e+09 -1.8296 1.69137e+09
-1.05703 1.69137e+09 -1.79099 1.69137e+09
-0.958451 1.69137e+09 -1.58468 1.69137e+09
-0.860691 1.69137e+09 -1.24229 1.69137e+09
-0.76392 1.69137e+09 -1.24885 1.69137e+09
-0.69986 1.69137e+09 -1.35388 1.69137e+09
-0.606055 1.69137e+09 -1.04771 1.69137e+09
-0.606055 1.69137e+09 -1.04771 1.69137e+09
-0.606055 1.69137e+09 -1.04771 1.69137e+09
-0.423723 1.69137e+09 -1.79024 1.69137e+09
-1.37364 1.69137e+09 -2.02101 1.69137e+09
-0.788586 1.69137e+09 -1.37725 1.69137e+09
-0.947083 1.69137e+09 -1.62377 1.69137e+09
-0.356402 1.69137e+09 -1.0748 1.69137e+09
-0.356402 1.69137e+09 -1.0748 1.69137e+09
-0.356402 1.69137e+09 -1.0748 1.69137e+09
-0.356402 1.69137e+09 -1.0748 1.69137e+09
-0.382796 1.69137e+09 -0.985999 1.69137e+09
-0.343826 1.69137e+09 -0.820591 1.69137e+09
-0.483442 1.69137e+09 -0.953668 1.69137e+09
-0.533232 1.69137e+09 -0.835501 1.69137e+09
-0.454168 1.69137e+09 -0.55447 1.69137e+09
-0.463551 1.69137e+09 -0.570549 1.69137e+09
-0.464038 1.69137e+09 -0.468491 1.69137e+09
-0.464038 1.69137e+09 -0.468491 1.69137e+09
-0.464038 1.69137e+09 -0.468491 1.69137e+09
-0.84876 1.69137e+09 -0.490781 1.69137e+09
-0.94925 1.69137e+09 -0.466631 1.69137e+09
-1.06371 1.69137e+09 -0.553921 1.69137e+09
-1.11379 1.69137e+09 -0.444762 1.69137e+09
-1.20585 1.69137e+09 -0.585353 1.69137e+09
-1.24656 1.69137e+09 -0.506029 1.69137e+09
-1.41419 1.69137e+09 -0.791402 1.69137e+09
-1.53185 1.69137e+09 -0.907928 1.69137e+09
-1.59557 1.69137e+09 -0.832282 1.69137e+09
-1.63885 1.69137e+09 -0.819605 1.69137e+09
-1.7309 1.69137e+09 -1.06017 1.69137e+09
-1.77893 1.69137e+09 -0.980695 1.69137e+09
-1.77893 1.69137e+09 -0.980695 1.69137e+09
-1.83935 1.69137e+09 -0.938136 1.69137e+09
-1.83935 1.69137e+09 -0.938136 1.69137e+09
-1.83935 1.69137e+09 -0.938136 1.69137e+09
-1.83935 1.69137e+09 -0.938136 1.69137e+09
-1.83935 1.69137e+09 -0.938136 1.69137e+09
-1.83935 1.69137e+09 -0.938136 1.69137e+09
-2.00532 1.69137e+09 -1.12811 1.69137e+09
-1.99966 1.69137e+09 -1.69555 1.69137e+09
-2.01036 1.69137e+09 -2.17177 1.69137e+09
-1.952 1.69137e+09 -1.43022 1.69137e+09
-1.93665 1.69137e+09 -2.23595 1.69137e+09
-1.88278 1.69137e+09 -1.85111 1.69137e+09
-1.88278 1.69137e+09 -1.85111 1.69137e+09
-1.88278 1.69137e+09 -1.85111 1.69137e+09
-1.55064 1.69137e+09 -1.8854 1.69137e+09
-1.47704 1.69137e+09 -2.14109 1.69137e+09
-1.39222 1.69137e+09 -2.06872 1.69137e+09
-1.3234 1.69137e+09 -2.3971 1.69137e+09
-1.23657 1.69137e+09 -1.57908 1.69137e+09
-1.13926 1.69137e+09 -1.50585 1.69137e+09
-1.13926 1.69137e+09 -1.50585 1.69137e+09
-1.13926 1.69137e+09 -1.50585 1.69137e+09
-2.97293 1.69137e+09 -1.98572 1.69137e+09
-3.0653 1.69137e+09 -2.14913 1.69137e+09
-3.0653 1.69137e+09 -2.14913 1.69137e+09
-3.0653 1.69137e+09 -2.14913 1.69137e+09
-2.71964 1.69137e+09 -1.95162 1.69137e+09
-1.42743 1.69137e+09 -1.20026 1.69137e+09
-1.48726 1.69137e+09 -1.59263 1.69137e+09
-2.13683 1.69137e+09 -2.02235 1.69137e+09
-1.9538 1.69137e+09 -1.77967 1.69137e+09
-1.9538 1.69137e+09 -1.77967 1.69137e+09
-1.17036 1.69137e+09 -1.48017 1.69137e+09
-1.17036 1.69137e+09 -1.48017 1.69137e+09
-1.17036 1.69137e+09 -1.48017 1.69137e+09
-1.17036 1.69137e+09 -1.48017 1.69137e+09
-1.17036 1.69137e+09 -1.48017 1.69137e+09
-0.987752 1.69137e+09 -1.72083 1.69137e+09
-1.34245 1.69137e+09 -2.1391 1.69137e+09
-1.15033 1.69137e+09 -1.68148 1.69137e+09
-1.2795 1.69137e+09 -2.1533 1.69137e+09
-1.2795 1.69137e+09 -2.1533 1.69137e+09
-0.844236 1.69137e+09 -1.17888 1.69137e+09
-0.812946 1.69137e+09 -1.64636 1.69137e+09
-0.968149 1.69137e+09 -2.14005 1.69137e+09
-0.964138 1.69137e+09 -1.81945 1.69137e+09
-0.97585 1.69137e+09 -1.8963 1.69137e+09
-1.09566 1.69137e+09 -2.19536 1.69137e+09
-1.09566 1.69137e+09 -2.19536 1.69137e+09
-1.09566 1.69137e+09 -2.19536 1.69137e+09
-0.492238 1.69137e+09 -0.718194 1.69137e+09
-0.568287 1.69137e+09 -1.17538 1.69137e+09
-0.497222 1.69137e+09 -0.557991 1.69137e+09
-0.488448 1.69137e+09 -0.68009 1.69137e+09
-0.509179 1.69137e+09 -0.743314 1.69137e+09
-0.53175 1.69137e+09 -0.622642 1.69137e+09
-0.564916 1.69137e+09 -0.632144 1.69137e+09
-0.587901 1.69137e+09 -0.48128 1.69137e+09
-0.624213 1.69137e+09 -0.560228 1.69137e+09
-0.669683 1.69137e+09 -0.451214 1.69137e+09
-0.74735 1.69137e+09 -0.584561 1.69137e+09
-0.814562 1.69137e+09 -0.547075 1.69137e+09
-0.870867 1.69137e+09 -0.452752 1.69137e+09
-0.929929 1.69137e+09 -0.356311 1.69137e+09
-0.99768 1.69137e+09 -0.547963 1.69137e+09
-1.03922 1.69137e+09 -0.317312 1.69137e+09
-1.10764 1.69137e+09 -0.522241 1.69137e+09
-1.22048 1.69137e+09 -0.85966 1.69137e+09
-1.29975 1.69137e+09 -0.782616 1.69137e+09
-1.35782 1.69137e+09 -0.610896 1.69137e+09
-1.43832 1.69137e+09 -0.832857 1.69137e+09
-1.5215 1.69137e+09 -0.941408 1.69137e+09
-1.60385 1.69137e+09 -0.926965 1.69137e+09
-1.60385 1.69137e+09 -0.926965 1.69137e+09
-1.70649 1.69137e+09 -0.817656 1.69137e+09
-1.70649 1.69137e+09 -0.817656 1.69137e+09
-1.70649 1.69137e+09 -0.817656 1.69137e+09
-1.70649 1.69137e+09 -0.817656 1.69137e+09
-1.70649 1.69137e+09 -0.817656 1.69137e+09
-1.93152 1.69137e+09 -1.23884 1.69137e+09
-1.96236 1.69137e+09 -1.78536 1.69137e+09
-1.96558 1.69137e+09 -1.52356 1.69137e+09
-1.96744 1.69137e+09 -1.71459 1.69137e+09
-1.96744 1.69137e+09 -1.71459 1.69137e+09
-1.96744 1.69137e+09 -1.71459 1.69137e+09
-1.49854 1.69137e+09 -1.72794 1.69137e+09
-1.46076 1.69137e+09 -2.5866 1.69137e+09
-1.36363 1.69137e+09 -1.5658 1.69137e+09
-1.27034 1.69137e+09 -1.73497 1.69137e+09
-1.19813 1.69137e+09 -2.13142 1.69137e+09
-1.10607 1.69137e+09 -1.7752 1.69137e+09
-1.03317 1.69137e+09 -2.01796 1.69137e+09
-0.944194 1.69137e+09 -1.09779 1.69137e+09
-0.882302 1.69137e+09 -1.59116 1.69137e+09
-0.799788 1.69137e+09 -1.26195 1.69137e+09
-0.722093 1.69137e+09 -1.16335 1.69137e+09
-0.661478 1.69137e+09 -1.31797 1.69137e+09
-0.611549 1.69137e+09 -1.10199 1.69137e+09
-0.574836 1.69137e+09 -1.0102 1.69137e+09
-0.537959 1.69137e+09 -0.905465 1.69137e+09
-0.537959 1.69137e+09 -0.905465 1.69137e+09
-0.537959 1.69137e+09 -0.905465 1.69137e+09
-0.537959 1.69137e+09 -0.905465 1.69137e+09
-0.537959 1.69137e+09 -0.905465 1.69137e+09
-1.65788 1.69137e+09 -1.80801 1.69137e+09
-1.61128 1.69137e+09 -1.56345 1.69137e+09
-2.27881 1.69137e+09 -1.999 1.69137e+09
-1.36828 1.69137e+09 -1.0253 1.69137e+09
-1.02703 1.69137e+09 -1.15712 1.69137e+09
-1.02703 1.69137e+09 -1.15712 1.69137e+09
-1.09836 1.69137e+09 -1.32204 1.69137e+09
-1.25303 1.69137e+09 -1.39453 1.69137e+09
-1.25303 1.69137e+09 -1.39453 1.69137e+09
-1.25303 1.69137e+09 -1.39453 1.69137e+09
-1.25303 1.69137e+09 -1.39453 1.69137e+09
-1.25303 1.69137e+09 -1.39453 1.69137e+09
-1.03248 1.69137e+09 -0.910557 1.69137e+09
-0.823422 1.69137e+09 -0.678852 1.69137e+09
-0.638889 1.69137e+09 -0.450675 1.69137e+09
-0.679721 1.69137e+09 -0.703853 1.69137e+09
-0.664484 1.69137e+09 -0.527246 1.69137e+09
-0.652022 1.69137e+09 -0.417731 1.69137e+09
-0.728376 1.69137e+09 -0.607962 1.69137e+09
-0.661843 1.69137e+09 -0.147358 1.69137e+09
-0.661843 1.69137e+09 -0.147358 1.69137e+09
-0.661843 1.69137e+09 -0.147358 1.69137e+09
-0.141413 1.69137e+09 -1.23709 1.69137e+09
-0.141413 1.69137e+09 -1.23709 1.69137e+09
-0.141413 1.69137e+09 -1.23709 1.69137e+09
-0.141413 1.69137e+09 -1.23709 1.69137e+09
-0.293825 1.69137e+09 -1.3909 1.69137e+09
-0.372001 1.69137e+09 -1.34223 1.69137e+09
-0.961257 1.69137e+09 -1.54947 1.69137e+09
-0.636285 1.69137e+09 -1.09949 1.69137e+09
-0.597746 1.69137e+09 -1.12978 1.69137e+09
-0.597746 1.69137e+09 -1.12978 1.69137e+09
-0.597746 1.69137e+09 -1.12978 1.69137e+09
-0.597746 1.69137e+09 -1.12978 1.69137e+09
-0.597746 1.69137e+09 -1.12978 1.69137e+09
0.0286492 1.69137e+09 -0.601686 1.69137e+09
-0.088551 1.69137e+09 -0.890658 1.69137e+09
0.100401 1.69137e+09 -0.539908 1.69137e+09
0.22727 1.69137e+09 -0.509793 1.69137e+09
-0.0930076 1.69137e+09 -1.31713 1.69137e+09
-0.0569713 1.69137e+09 -0.69714 1.69137e+09
0.103593 1.69137e+09 -0.349778 1.69137e+09
