-1.90185 1.69137e+09 -1.89636 1.69137e+09
-1.50871 1.69137e+09 -1.56373 1.69137e+09
-0.347298 1.69137e+09 -1.00054 1.69137e+09
-0.646983 1.69137e+09 -1.45736 1.69137e+09
-0.494647 1.69137e+09 -1.16025 1.69137e+09
-0.571472 1.69137e+09 -1.17593 1.69137e+09
-0.707746 1.69137e+09 -1.13231 1.69137e+09
-0.148633 1.69137e+09 -0.506118 1.69137e+09
-0.646352 1.69137e+09 -1.25798 1.69137e+09
-0.482105 1.69137e+09 -0.693466 1.69137e+09
-0.475041 1.69137e+09 -0.694979 1.69137e+09
-0.793522 1.69137e+09 -0.989286 1.69137e+09
-0.779941 1.69137e+09 -0.632562 1.69137e+09
-0.788788 1.69137e+09 -0.584585 1.69137e+09
-0.628775 1.69137e+09 -0.371566 1.69137e+09
-0.628775 1.69137e+09 -0.371566 1.69137e+09
-0.628775 1.69137e+09 -0.371566 1.69137e+09
-0.628775 1.69137e+09 -0.371566 1.69137e+09
-0.628775 1.69137e+09 -0.371566 1.69137e+09
-0.628775 1.69137e+09 -0.371566 1.69137e+09
-1.16399 1.69137e+09 -0.949615 1.69137e+09
-1.16399 1.69137e+09 -0.949615 1.69137e+09
-1.16399 1.69137e+09 -0.949615 1.69137e+09
-2.17669 1.69137e+09 -1.40888 1.69137e+09
-1.31952 1.69137e+09 -0.785562 1.69137e+09
-2.15727 1.69137e+09 -1.77395 1.69137e+09
-2.30922 1.69137e+09 -1.61089 1.69137e+09
-2.25544 1.69137e+09 -1.53857 1.69137e+09
-2.54668 1.69137e+09 -2.00964 1.69137e+09
-2.04948 1.69137e+09 -1.3081 1.69137e+09
-2.22813 1.69137e+09 -1.98316 1.69137e+09
-2.08563 1.69137e+09 -1.77271 1.69137e+09
-1.9684 1.69137e+09 -1.75203 1.69137e+09
-1.93991 1.69137e+09 -1.94683 1.69137e+09
-2.40009 1.69137e+09 -2.77144 1.69137e+09
-2.00474 1.69137e+09 -1.60736 1.69137e+09
-1.85773 1.69137e+09 -1.85328 1.69137e+09
-1.78857 1.69137e+09 -2.04504 1.69137e+09
-1.78857 1.69137e+09 -2.04504 1.69137e+09
-1.78857 1.69137e+09 -2.04504 1.69137e+09
-4.95364 1.69137e+09 -2.29632 1.69137e+09
-2.50355 1.69137e+09 -0.863069 1.69137e+09
-1.80311 1.69137e+09 -1.36587 1.69137e+09
-0.871652 1.69137e+09 -1.10855 1.69137e+09
-1.05697 1.69137e+09 -1.51787 1.69137e+09
-1.44929 1.69137e+09 -1.86804 1.69137e+09
-1.67306 1.69137e+09 -1.87337 1.69137e+09
-1.78303 1.69137e+09 -1.95034 1.69137e+09
-1.78303 1.69137e+09 -1.95034 1.69137e+09
-1.78303 1.69137e+09 -1.95034 1.69137e+09
0.0948489 1.69137e+09 -0.944391 1.69137e+09
0.582005 1.69137e+09 -1.16043 1.69137e+09
0.364371 1.69137e+09 -1.25056 1.69137e+09
0.647225 1.69137e+09 -0.899262 1.69137e+09
0.447285 1.69137e+09 -0.977012 1.69137e+09
0.372836 1.69137e+09 -0.781086 1.69137e+09
0.370334 1.69137e+09 -0.688266 1.69137e+09
0.0510214 1.69137e+09 -0.899805 1.69137e+09
-0.0875021 1.69137e+09 -0.706102 1.69137e+09
-0.0469771 1.69137e+09 -0.431537 1.69137e+09
-0.34543 1.69137e+09 -0.784581 1.69137e+09
-0.394054 1.69137e+09 -0.489626 1.69137e+09
-0.394054 1.69137e+09 -0.489626 1.69137e+09
-0.394054 1.69137e+09 -0.489626 1.69137e+09
-0.394054 1.69137e+09 -0.489626 1.69137e+09
-0.394054 1.69137e+09 -0.489626 1.69137e+09
-0.394054 1.69137e+09 -0.489626 1.69137e+09
-1.85902 1.69137e+09 -1.80344 1.69137e+09
-2.261 1.69137e+09 -2.33835 1.69137e+09
-0.935128 1.69137e+09 -1.26855 1.69137e+09
-1.01197 1.69137e+09 -1.83602 1.69137e+09
-0.757576 1.69137e+09 -1.56201 1.69137e+09
-0.826298 1.69137e+09 -1.63619 1.69137e+09
-1.08796 1.69137e+09 -1.87539 1.69137e+09
-0.740452 1.69137e+09 -1.16479 1.69137e+09
-0.40702 1.69137e+09 -0.979226 1.69137e+09
-0.420188 1.69137e+09 -1.25118 1.69137e+09
-0.526604 1.69137e+09 -1.15224 1.69137e+09
-0.477882 1.69137e+09 -0.928287 1.69137e+09
-0.307637 1.69137e+09 -0.78199 1.69137e+09
-0.274561 1.69137e+09 -0.736804 1.69137e+09
-0.45161 1.69137e+09 -0.812412 1.69137e+09
-0.47033 1.69137e+09 -0.646891 1.69137e+09
-0.561917 1.69137e+09 -0.748673 1.69137e+09
-0.630379 1.69137e+09 -0.649153 1.69137e+09
-0.620246 1.69137e+09 -0.372684 1.69137e+09
-0.692338 1.69137e+09 -0.5154 1.69137e+09
-0.815016 1.69137e+09 -0.720856 1.69137e+09
-0.856845 1.69137e+09 -0.36818 1.69137e+09
-0.968605 1.69137e+09 -0.631414 1.69137e+09
-1.01403 1.69137e+09 -0.366721 1.69137e+09
-0.672914 1.69137e+09 0.878403 1.69137e+09
-1.07693 1.69137e+09 -1.54335 1.69137e+09
-1.18042 1.69137e+09 -0.563604 1.69137e+09
-1.21316 1.69137e+09 -0.43553 1.69137e+09
-1.45596 1.69137e+09 -0.955579 1.69137e+09
-1.49189 1.69137e+09 -0.678503 1.69137e+09
-1.49189 1.69137e+09 -0.678503 1.69137e+09
-1.49189 1.69137e+09 -0.678503 1.69137e+09
-1.49189 1.69137e+09 -0.678503 1.69137e+09
-1.49189 1.69137e+09 -0.678503 1.69137e+09
-1.90378 1.69137e+09 -0.985765 1.69137e+09
-1.90378 1.69137e+09 -0.985765 1.69137e+09
-1.90378 1.69137e+09 -0.985765 1.69137e+09
-2.36116 1.69137e+09 -4.59487 1.69137e+09
-2.36116 1.69137e+09 -4.59487 1.69137e+09
-2.36116 1.69137e+09 -4.59487 1.69137e+09
-2.27209 1.69137e+09 -1.8482 1.69137e+09
-2.19194 1.69137e+09 -1.76746 1.69137e+09
-2.14404 1.69137e+09 -2.39804 1.69137e+09
-2.02385 1.69137e+09 -0.647788 1.69137e+09
-1.76567 1.69137e+09 2.50419 1.69137e+09
-1.90164 1.69137e+09 -7.37637 1.69137e+09
-1.79307 1.69137e+09 -2.09617 1.69137e+09
-1.7629 1.69137e+09 -2.97992 1.69137e+09
-1.62533 1.69137e+09 -1.46054 1.69137e+09
-1.5069 1.69137e+09 -1.43266 1.69137e+09
-1.40991 1.69137e+09 -2.2694 1.69137e+09
-1.28869 1.69137e+09 -1.7084 1.69137e+09
-1.19164 1.69137e+09 -2.36038 1.69137e+09
-1.10574 1.69137e+09 -1.9387 1.69137e+09
-0.920056 1.69137e+09 1.10687 1.69137e+09
-0.752636 1.69137e+09 0.708166 1.69137e+09
-1.19233 1.69137e+09 -8.48507 1.69137e+09
-1.09448 1.69137e+09 -1.93297 1.69137e+09
-1.00704 1.69137e+09 -1.67426 1.69137e+09
-0.935528 1.69137e+09 -1.39731 1.69137e+09
-0.858793 1.69137e+09 -1.56357 1.69137e+09
-0.783751 1.69137e+09 -1.30267 1.69137e+09
-0.783751 1.69137e+09 -1.30267 1.69137e+09
-0.783751 1.69137e+09 -1.30267 1.69137e+09
-1.90849 1.69137e+09 -0.489674 1.69137e+09
4.79587 1.69137e+09 1.33149 1.69137e+09
3.57486 1.69137e+09 0.0175712 1.69137e+09
3.57486 1.69137e+09 0.0175712 1.69137e+09
3.57486 1.69137e+09 0.0175712 1.69137e+09
3.57486 1.69137e+09 0.0175712 1.69137e+09
3.57486 1.69137e+09 0.0175712 1.69137e+09
3.57486 1.69137e+09 0.0175712 1.69137e+09
244.032 1.69137e+09 132.239 1.69137e+09
107.439 1.69137e+09 -2.44394 1.69137e+09
107.439 1.69137e+09 -2.44394 1.69137e+09
107.439 1.69137e+09 -2.44394 1.69137e+09
21.091 1.69137e+09 -1.67769 1.69137e+09
-3.14091 1.69137e+09 -1.71966 1.69137e+09
-14.8655 1.69137e+09 -2.26284 1.69137e+09
-21.0351 1.69137e+09 -2.80267 1.69137e+09
18.5062 1.69137e+09 118.109 1.69137e+09
18.5062 1.69137e+09 118.109 1.69137e+09
18.5062 1.69137e+09 118.109 1.69137e+09
-0.337554 1.69137e+09 -0.554406 1.69137e+09
-0.853568 1.69137e+09 -0.669098 1.69137e+09
-1.24307 1.69137e+09 -0.756595 1.69137e+09
-1.36063 1.69137e+09 -0.722661 1.69137e+09
-1.61641 1.69137e+09 -0.899672 1.69137e+09
-2.05721 1.69137e+09 -1.24202 1.69137e+09
-1.92435 1.69137e+09 -0.898375 1.69137e+09
-1.92435 1.69137e+09 -0.898375 1.69137e+09
-1.92435 1.69137e+09 -0.898375 1.69137e+09
-1.92435 1.69137e+09 -0.898375 1.69137e+09
-1.92435 1.69137e+09 -0.898375 1.69137e+09
-1.32145 1.69137e+09 -0.739509 1.69137e+09
-0.784212 1.69137e+09 -0.424522 1.69137e+09
-0.472461 1.69137e+09 -0.398386 1.69137e+09
-0.475625 1.69137e+09 -0.485309 1.69137e+09
-0.433485 1.69137e+09 -0.446089 1.69137e+09
-0.946066 1.69137e+09 -0.840306 1.69137e+09
-1.03316 1.69137e+09 -0.696365 1.69137e+09
-0.911792 1.69137e+09 -0.537818 1.69137e+09
-1.23646 1.69137e+09 -0.972697 1.69137e+09
-1.40965 1.69137e+09 -0.988972 1.69137e+09
-1.46342 1.69137e+09 -0.938233 1.69137e+09
-1.75289 1.69137e+09 -1.3476 1.69137e+09
-1.84534 1.69137e+09 -1.25645 1.69137e+09
-1.81192 1.69137e+09 -1.15068 1.69137e+09
-1.69877 1.69137e+09 -1.16103 1.69137e+09
-1.96187 1.69137e+09 -1.71112 1.69137e+09
-1.90125 1.69137e+09 -1.32436 1.69137e+09
-2.17904 1.69137e+09 -2.20898 1.69137e+09
-2.03244 1.69137e+09 -1.32997 1.69137e+09
-2.0023 1.69137e+09 -1.62982 1.69137e+09
-2.0023 1.69137e+09 -1.62982 1.69137e+09
-2.0023 1.69137e+09 -1.62982 1.69137e+09
-1.53685 1.69137e+09 -1.95617 1.69137e+09
-1.5107 1.69137e+09 -2.05682 1.69137e+09
-1.41917 1.69137e+09 -1.98473 1.69137e+09
-1.45698 1.69137e+09 -2.66995 1.69137e+09
-1.29593 1.69137e+09 -1.40544 1.69137e+09
-1.24265 1.69137e+09 -2.12781 1.69137e+09
-1.15104 1.69137e+09 -1.8296 1.69137e+09
-1.05394 1.69137e+09 -1.79099 1.69137e+09
-0.957362 1.69137e+09 -1.58468 1.69137e+09
-0.862123 1.69137e+09 -1.24229 1.69137e+09
-0.784818 1.69137e+09 -1.24885 1.69137e+09
-0.719222 1.69137e+09 -1.35388 1.69137e+09
-0.623972 1.69137e+09 -1.04771 1.69137e+09
-0.623972 1.69137e+09 -1.04771 1.69137e+09
-0.623972 1.69137e+09 -1.04771 1.69137e+09
-0.423723 1.69137e+09 -1.79024 1.69137e+09
-1.37364 1.69137e+09 -2.02101 1.69137e+09
-0.788586 1.69137e+09 -1.37725 1.69137e+09
-0.947083 1.69137e+09 -1.62377 1.69137e+09
-0.356402 1.69137e+09 -1.0748 1.69137e+09
-0.104782 1.69137e+09 -1.05457 1.69137e+09
-0.104782 1.69137e+09 -1.05457 1.69137e+09
-0.104782 1.69137e+09 -1.05457 1.69137e+09
-0.289216 1.69137e+09 -0.985999 1.69137e+09
-0.305999 1.69137e+09 -0.820591 1.69137e+09
-0.471068 1.69137e+09 -0.953668 1.69137e+09
-0.538808 1.69137e+09 -0.835501 1.69137e+09
-0.470249 1.69137e+09 -0.55447 1.69137e+09
-0.487172 1.69137e+09 -0.570549 1.69137e+09
-0.506613 1.69137e+09 -0.468491 1.69137e+09
-0.688438 1.69137e+09 -0.632973 1.69137e+09
-0.792474 1.69137e+09 -0.381489 1.69137e+09
-0.894611 1.69137e+09 -0.490781 1.69137e+09
-0.986851 1.69137e+09 -0.466631 1.69137e+09
-1.09152 1.69137e+09 -0.553921 1.69137e+09
-1.11269 1.69137e+09 -0.444762 1.69137e+09
-1.19865 1.69137e+09 -0.585353 1.69137e+09
-1.22657 1.69137e+09 -0.506029 1.69137e+09
-1.39336 1.69137e+09 -0.791402 1.69137e+09
-1.52615 1.69137e+09 -0.907928 1.69137e+09
-1.57801 1.69137e+09 -0.832282 1.69137e+09
-1.62077 1.69137e+09 -0.819605 1.69137e+09
-1.71437 1.69137e+09 -1.06017 1.69137e+09
-1.76547 1.69137e+09 -0.980695 1.69137e+09
-1.86617 1.69137e+09 -1.38676 1.69137e+09
-1.86523 1.69137e+09 -0.938136 1.69137e+09
-1.94281 1.69137e+09 -1.54286 1.69137e+09
-1.987 1.69137e+09 -1.48842 1.69137e+09
-2.01794 1.69137e+09 -1.43581 1.69137e+09
-2.05316 1.69137e+09 -1.70862 1.69137e+09
-2.07302 1.69137e+09 -1.78754 1.69137e+09
-2.04568 1.69137e+09 -1.12811 1.69137e+09
-2.03203 1.69137e+09 -1.69555 1.69137e+09
-2.02562 1.69137e+09 -2.17177 1.69137e+09
-1.96118 1.69137e+09 -1.43022 1.69137e+09
-1.93565 1.69137e+09 -2.23595 1.69137e+09
-1.87106 1.69137e+09 -1.85111 1.69137e+09
-1.87106 1.69137e+09 -1.85111 1.69137e+09
-1.87106 1.69137e+09 -1.85111 1.69137e+09
-1.46995 1.69137e+09 -1.8854 1.69137e+09
-1.44307 1.69137e+09 -2.14109 1.69137e+09
-1.35613 1.69137e+09 -2.06872 1.69137e+09
-1.28493 1.69137e+09 -2.3971 1.69137e+09
-1.19931 1.69137e+09 -1.57908 1.69137e+09
-1.1041 1.69137e+09 -1.50585 1.69137e+09
-1.1041 1.69137e+09 -1.50585 1.69137e+09
-1.1041 1.69137e+09 -1.50585 1.69137e+09
-2.97293 1.69137e+09 -1.98572 1.69137e+09
-3.0653 1.69137e+09 -2.14913 1.69137e+09
-3.0653 1.69137e+09 -2.14913 1.69137e+09
-3.0653 1.69137e+09 -2.14913 1.69137e+09
-2.71964 1.69137e+09 -1.95162 1.69137e+09
-1.42743 1.69137e+09 -1.20026 1.69137e+09
-1.48726 1.69137e+09 -1.59263 1.69137e+09
-2.13683 1.69137e+09 -2.02235 1.69137e+09
-1.9538 1.69137e+09 -1.77967 1.69137e+09
-2.44413 1.69137e+09 -2.29701 1.69137e+09
-1.65446 1.69137e+09 -1.48017 1.69137e+09
-1.64543 1.69137e+09 -1.97376 1.69137e+09
-1.57684 1.69137e+09 -1.94847 1.69137e+09
-1.44418 1.69137e+09 -1.91091 1.69137e+09
-2.54975 1.69137e+09 -3.51702 1.69137e+09
-2.07213 1.69137e+09 -1.72083 1.69137e+09
-1.92025 1.69137e+09 -2.1391 1.69137e+09
-1.48895 1.69137e+09 -1.68148 1.69137e+09
-1.47652 1.69137e+09 -2.1533 1.69137e+09
-2.24524 1.69137e+09 -3.92786 1.69137e+09
-1.68512 1.69137e+09 -1.17888 1.69137e+09
-1.41519 1.69137e+09 -1.64636 1.69137e+09
-1.36042 1.69137e+09 -2.14005 1.69137e+09
-1.20776 1.69137e+09 -1.81945 1.69137e+09
-1.09304 1.69137e+09 -1.8963 1.69137e+09
-1.11601 1.69137e+09 -2.19536 1.69137e+09
-1.11601 1.69137e+09 -2.19536 1.69137e+09
-1.11601 1.69137e+09 -2.19536 1.69137e+09
-0.380361 1.69137e+09 -0.718194 1.69137e+09
-0.446739 1.69137e+09 -1.17538 1.69137e+09
-0.381675 1.69137e+09 -0.557991 1.69137e+09
-0.376376 1.69137e+09 -0.68009 1.69137e+09
-0.401694 1.69137e+09 -0.743314 1.69137e+09
-0.4318 1.69137e+09 -0.622642 1.69137e+09
-0.47367 1.69137e+09 -0.632144 1.69137e+09
-0.505878 1.69137e+09 -0.48128 1.69137e+09
-0.60606 1.69137e+09 -0.560228 1.69137e+09
-0.657641 1.69137e+09 -0.451214 1.69137e+09
-0.869803 1.69137e+09 -0.584561 1.69137e+09
-0.981843 1.69137e+09 -0.547075 1.69137e+09
-1.00509 1.69137e+09 -0.452752 1.69137e+09
-0.98361 1.69137e+09 -0.356311 1.69137e+09
-1.07899 1.69137e+09 -0.547963 1.69137e+09
-1.06117 1.69137e+09 -0.317312 1.69137e+09
-1.14396 1.69137e+09 -0.522241 1.69137e+09
-1.32959 1.69137e+09 -0.85966 1.69137e+09
-1.44071 1.69137e+09 -0.782616 1.69137e+09
-1.46703 1.69137e+09 -0.610896 1.69137e+09
-1.56264 1.69137e+09 -0.832857 1.69137e+09
-1.66302 1.69137e+09 -0.941408 1.69137e+09
-1.74576 1.69137e+09 -0.926965 1.69137e+09
-1.89422 1.69137e+09 -1.58607 1.69137e+09
-1.90051 1.69137e+09 -0.817656 1.69137e+09
-1.97566 1.69137e+09 -1.2869 1.69137e+09
-2.04948 1.69137e+09 -1.50743 1.69137e+09
-2.11476 1.69137e+09 -1.46708 1.69137e+09
-2.19775 1.69137e+09 -2.23666 1.69137e+09
-2.19273 1.69137e+09 -1.23884 1.69137e+09
-2.21299 1.69137e+09 -1.78536 1.69137e+09
-2.2091 1.69137e+09 -1.52356 1.69137e+09
-2.20429 1.69137e+09 -1.71459 1.69137e+09
-2.20429 1.69137e+09 -1.71459 1.69137e+09
-2.20429 1.69137e+09 -1.71459 1.69137e+09
-1.62682 1.69137e+09 -1.72794 1.69137e+09
-1.57788 1.69137e+09 -2.5866 1.69137e+09
-1.43271 1.69137e+09 -1.5658 1.69137e+09
-1.30005 1.69137e+09 -1.73497 1.69137e+09
-1.22392 1.69137e+09 -2.13142 1.69137e+09
-1.10711 1.69137e+09 -1.7752 1.69137e+09
-1.03933 1.69137e+09 -2.01796 1.69137e+09
-0.902565 1.69137e+09 -1.09779 1.69137e+09
-0.836319 1.69137e+09 -1.59116 1.69137e+09
-0.737777 1.69137e+09 -1.26195 1.69137e+09
-0.651093 1.69137e+09 -1.16335 1.69137e+09
-0.594203 1.69137e+09 -1.31797 1.69137e+09
-0.546379 1.69137e+09 -1.10199 1.69137e+09
-0.512476 1.69137e+09 -1.0102 1.69137e+09
-0.480805 1.69137e+09 -0.905465 1.69137e+09
-0.457502 1.69137e+09 -0.789775 1.69137e+09
-0.457502 1.69137e+09 -0.789775 1.69137e+09
-0.457502 1.69137e+09 -0.789775 1.69137e+09
-0.457502 1.69137e+09 -0.789775 1.69137e+09
-1.60574 1.69137e+09 -1.81448 1.69137e+09
-0.247592 1.69137e+09 -1.32308 1.69137e+09
-0.658719 1.69137e+09 -1.80801 1.69137e+09
-0.599341 1.69137e+09 -1.56345 1.69137e+09
-1.36551 1.69137e+09 -1.999 1.69137e+09
-0.552944 1.69137e+09 -1.0253 1.69137e+09
-0.314668 1.69137e+09 -1.15712 1.69137e+09
-0.128444 1.69137e+09 -1.02903 1.69137e+09
-0.451159 1.69137e+09 -1.32204 1.69137e+09
-0.736207 1.69137e+09 -1.39453 1.69137e+09
-0.504373 1.69137e+09 -0.741535 1.69137e+09
-0.218321 1.69137e+09 -0.596414 1.69137e+09
-0.189678 1.69137e+09 -0.690437 1.69137e+09
-0.36341 1.69137e+09 -0.73037 1.69137e+09
-0.556643 1.69137e+09 -0.910557 1.69137e+09
-0.61253 1.69137e+09 -0.678852 1.69137e+09
-0.596087 1.69137e+09 -0.450675 1.69137e+09
-0.711423 1.69137e+09 -0.703853 1.69137e+09
-0.76467 1.69137e+09 -0.527246 1.69137e+09
-0.813089 1.69137e+09 -0.417731 1.69137e+09
-0.924976 1.69137e+09 -0.607962 1.69137e+09
-0.763323 1.69137e+09 -0.147358 1.69137e+09
-0.763323 1.69137e+09 -0.147358 1.69137e+09
-0.763323 1.69137e+09 -0.147358 1.69137e+09
-0.141413 1.69137e+09 -1.23709 1.69137e+09
-0.141413 1.69137e+09 -1.23709 1.69137e+09
-0.141413 1.69137e+09 -1.23709 1.69137e+09
-0.293825 1.69137e+09 -1.3909 1.69137e+09
-0.372001 1.69137e+09 -1.34223 1.69137e+09
-0.961257 1.69137e+09 -1.54947 1.69137e+09
-0.636285 1.69137e+09 -1.09949 1.69137e+09
-0.597746 1.69137e+09 -1.12978 1.69137e+09
-0.551694 1.69137e+09 -1.02231 1.69137e+09
0.00550789 1.69137e+09 -0.498684 1.69137e+09
0.276537 1.69137e+09 -0.450386 1.69137e+09
0.540364 1.69137e+09 -0.277112 1.69137e+09
0.543252 1.69137e+09 -0.601686 1.69137e+09
0.406696 1.69137e+09 -0.890658 1.69137e+09
0.444733 1.69137e+09 -0.539908 1.69137e+09
0.482332 1.69137e+09 -0.509793 1.69137e+09
0.225102 1.69137e+09 -1.31713 1.69137e+09
0.212852 1.69137e+09 -0.69714 1.69137e+09
0.308365 1.69137e+09 -0.349778 1.69137e+09
