0.0897645 0.45 -0.570866 0
-0.627281 0.519016 -0.847428 0.069016
0.273693 0.580731 -0.293265 0.130731
-0.0703751 0.63831 -0.582054 0.18831
-0.135119 0.697304 -0.472257 0.247304
-0.441614 0.743859 -0.632898 0.293859
-0.528177 0.786883 -0.536736 0.336883
-0.628848 0.823242 -0.568918 0.373242
-0.549241 0.85681 -0.392742 0.40681
-0.616731 0.933816 -0.482177 0.483816
-0.616731 0.933816 -0.482177 0.483816
-0.616731 0.933816 -0.482177 0.483816
-0.616731 0.933816 -0.482177 0.483816
-0.616731 0.933816 -0.482177 0.483816
-0.616731 0.933816 -0.482177 0.483816
-0.616731 0.933816 -0.482177 0.483816
-0.616731 0.933816 -0.482177 0.483816
-0.616731 0.933816 -0.482177 0.483816
-1.62732 5.01335 -1.26039 4.56335
-1.53983 5.07857 -1.27416 4.62857
-1.53983 5.07857 -1.27416 4.62857
-1.53983 5.07857 -1.27416 4.62857
-1.90449 5.42351 -2.18934 4.97351
-1.96185 5.48531 -2.12819 5.03531
-1.79599 5.57188 -1.64467 5.12188
-1.79599 5.57188 -1.64467 5.12188
-1.79599 5.57188 -1.64467 5.12188
-1.79599 5.57188 -1.64467 5.12188
-1.79599 5.57188 -1.64467 5.12188
-1.79599 5.57188 -1.64467 5.12188
-1.79599 5.57188 -1.64467 5.12188
-1.79599 5.57188 -1.64467 5.12188
-1.79599 5.57188 -1.64467 5.12188
-1.79599 5.57188 -1.64467 5.12188
-0.321194 17.2803 -0.484651 16.8303
-0.321194 17.2803 -0.484651 16.8303
-0.321194 17.2803 -0.484651 16.8303
-0.321194 17.2803 -0.484651 16.8303
-0.113988 43.5391 -0.928287 43.0891
-0.0422276 43.5892 -0.78199 43.1392
-0.0237089 43.648 -0.736804 43.198
-0.113842 43.7158 -0.812412 43.2658
-0.139196 43.7704 -0.646891 43.3204
-0.25393 43.8423 -0.748673 43.3923
-0.332799 43.9031 -0.649153 43.4531
-0.332799 43.9031 -0.649153 43.4531
-0.332799 43.9031 -0.649153 43.4531
-0.332799 43.9031 -0.649153 43.4531
-0.332799 43.9031 -0.649153 43.4531
-0.332799 43.9031 -0.649153 43.4531
-0.332799 43.9031 -0.649153 43.4531
-0.332799 43.9031 -0.649153 43.4531
-0.332799 43.9031 -0.649153 43.4531
-0.332799 43.9031 -0.649153 43.4531
-0.332799 43.9031 -0.649153 43.4531
-0.332799 43.9031 -0.649153 43.4531
-0.332799 43.9031 -0.649153 43.4531
-0.332799 43.9031 -0.649153 43.4531
-0.332799 43.9031 -0.649153 43.4531
-0.332799 43.9031 -0.649153 43.4531
-0.332799 43.9031 -0.649153 43.4531
-2.05999 58.3503 -1.20789 57.9003
-2.05999 58.3503 -1.20789 57.9003
-2.05999 58.3503 -1.20789 57.9003
-1.68704 58.6658 -1.32997 58.2158
-1.68704 58.6658 -1.32997 58.2158
-1.68704 58.6658 -1.32997 58.2158
-1.55421 59.3974 -2.05682 58.9474
-1.47504 59.4708 -1.98473 59.0208
-1.34385 59.5645 -1.89626 59.1145
-1.29531 59.6403 -2.12781 59.1903
-1.15731 59.734 -1.81043 59.284
-1.15731 59.734 -1.81043 59.284
-1.15731 59.734 -1.81043 59.284
-1.15731 59.734 -1.81043 59.284
-0.503442 67.269 -0.468491 66.819
-0.503442 67.269 -0.468491 66.819
-0.503442 67.269 -0.468491 66.819
-0.988562 67.5786 -0.490781 67.1286
-1.08688 67.6492 -0.466631 67.1992
-1.21353 67.7408 -0.494453 67.2908
-1.3382 67.8195 -0.585353 67.3695
-1.3382 67.8195 -0.585353 67.3695
-1.69153 68.0207 -0.907928 67.5707
-1.70984 68.068 -0.832282 67.618
-1.78946 68.1584 -0.943425 67.7084
-1.85963 68.2554 -0.980695 67.8054
-1.92763 68.3441 -1.13371 67.8941
-1.92763 68.3441 -1.13371 67.8941
-1.92763 68.3441 -1.13371 67.8941
-1.92763 68.3441 -1.13371 67.8941
-1.92763 68.3441 -1.13371 67.8941
-1.9701 69.077 -2.01563 68.627
-1.9701 69.077 -2.01563 68.627
-1.9701 69.077 -2.01563 68.627
-1.9701 69.077 -2.01563 68.627
-1.2815 69.5976 -2.3971 69.1476
-1.17421 69.6481 -1.57908 69.1981
-1.02935 69.7057 -1.50585 69.2557
-1.02935 69.7057 -1.50585 69.2557
-1.02935 69.7057 -1.50585 69.2557
-1.93258 75.413 -1.77967 74.963
-2.49878 75.4817 -2.29701 75.0317
-1.58752 75.5312 -1.48017 75.0812
-1.53527 75.6288 -1.96029 75.1788
-1.53527 75.6288 -1.96029 75.1788
-1.70944 75.8134 -2.22405 75.3634
-1.70944 75.8134 -2.22405 75.3634
-1.70944 75.8134 -2.22405 75.3634
-1.70944 75.8134 -2.22405 75.3634
-0.506722 76.1172 -1.17888 75.6672
-0.720307 76.1919 -1.8693 75.7419
-0.720307 76.1919 -1.8693 75.7419
-0.720307 76.1919 -1.8693 75.7419
-0.720307 76.1919 -1.8693 75.7419
-0.405719 76.9756 -0.911274 76.5256
-0.405719 76.9756 -0.911274 76.5256
-0.405719 76.9756 -0.911274 76.5256
-0.708355 77.3149 -0.632144 76.8649
-0.794713 77.3827 -0.512606 76.9327
-0.794713 77.3827 -0.512606 76.9327
-0.794713 77.3827 -0.512606 76.9327
-0.794713 77.3827 -0.512606 76.9327
-1.15613 77.8387 -0.45793 77.3887
-1.15613 77.8387 -0.45793 77.3887
-1.42323 78.0286 -0.610896 77.5786
-1.54998 78.1196 -0.891744 77.6696
-1.54998 78.1196 -0.891744 77.6696
-1.54998 78.1196 -0.891744 77.6696
-1.89185 78.4324 -1.50743 77.9824
-1.93978 78.5113 -1.46708 78.0613
-1.97213 78.6092 -1.52534 78.1592
-1.97816 78.7087 -1.64895 78.2587
-1.97816 78.7087 -1.64895 78.2587
-1.97816 78.7087 -1.64895 78.2587
-1.05471 83.5418 -1.39453 83.0918
-0.589523 83.5958 -0.741535 83.1458
-0.285106 83.648 -0.596414 83.198
-0.285106 83.648 -0.596414 83.198
-0.726229 83.8453 -0.910557 83.3953
-0.659662 83.9262 -0.544358 83.4762
-0.659662 83.9262 -0.544358 83.4762
-0.659662 83.9262 -0.544358 83.4762
-0.659662 83.9262 -0.544358 83.4762
-0.659662 83.9262 -0.544358 83.4762
-0.659662 83.9262 -0.544358 83.4762
0.705657 93.6205 -0.725927 93.1705
0.753647 93.63 -0.539908 93.18
0.792485 93.6355 -0.509793 93.1855
0.372737 93.6398 -1.31713 93.1898
0.35385 93.6434 -0.69714 93.1934
0.35385 93.6434 -0.69714 93.1934
