-1.40799 0.45 -1.52188 0
-1.34285 0.507946 -1.52669 0.0579457
-1.99386 0.559826 -2.07551 0.109826
-1.26832 0.596957 -1.00632 0.146957
-1.1587 0.637146 -1.34782 0.187146
-0.55797 0.679352 -0.715907 0.229352
-0.743506 0.719777 -1.38452 0.269777
-0.423295 0.760105 -0.748276 0.310105
-0.366469 0.829067 -0.906683 0.379066
-0.316398 0.889387 -0.792097 0.439387
-0.316398 0.889387 -0.792097 0.439387
-0.316398 0.889387 -0.792097 0.439387
-0.405523 1.28553 -0.367471 0.835534
-0.820045 1.3203 -0.81694 0.870303
-0.763283 1.35602 -0.403741 0.906024
-0.763283 1.35602 -0.403741 0.906024
-0.763283 1.35602 -0.403741 0.906024
-1.13238 1.57246 -0.613556 1.12246
-1.13238 1.57246 -0.613556 1.12246
-1.20722 1.68344 -0.56932 1.23344
-1.25807 1.7771 -0.543869 1.3271
-1.36958 1.86114 -0.642791 1.41114
-1.38345 1.89725 -0.521451 1.44725
-1.44617 1.94375 -0.707184 1.49375
-1.52887 1.99403 -0.864406 1.54403
-1.62234 2.04532 -1.03833 1.59532
-1.6841 2.09705 -0.888327 1.64705
-1.74603 2.13512 -1.13526 1.68512
-1.78925 2.18292 -0.927755 1.73292
-1.86876 2.24626 -1.23522 1.79626
-1.92111 2.29311 -1.29422 1.84311
-1.95127 2.33894 -1.16533 1.88894
-1.97613 2.38649 -1.18422 1.93649
-1.97613 2.38649 -1.18422 1.93649
-2.0154 2.47526 -1.1826 2.02526
-2.02191 2.51617 -1.31845 2.06617
-2.02191 2.51617 -1.31845 2.06617
-2.02191 2.51617 -1.31845 2.06617
-2.02191 2.51617 -1.31845 2.06617
-2.05669 2.69926 -1.54298 2.24926
-2.05669 2.69926 -1.54298 2.24926
-2.05669 2.69926 -1.54298 2.24926
-1.6219 3.27265 -1.57194 2.82265
-1.6219 3.27265 -1.57194 2.82265
-1.48417 3.3647 -1.65577 2.9147
-1.48417 3.3647 -1.65577 2.9147
-1.35009 3.45906 -1.8431 3.00906
-1.2892 3.51625 -2.35303 3.06625
-1.19693 3.58171 -1.9039 3.13171
-1.19693 3.58171 -1.9039 3.13171
-1.19693 3.58171 -1.9039 3.13171
-0.663547 3.98945 -1.24433 3.53945
-0.663701 4.0567 -2.25039 3.6067
-0.604822 4.09343 -0.681903 3.64343
-0.557372 4.13539 -0.78942 3.68539
-0.527935 4.17908 -0.9715 3.72908
-0.495337 4.22509 -0.770254 3.77509
-0.470256 4.31322 -0.894768 3.86322
-0.451515 4.3969 -0.51493 3.9469
-0.455223 4.43561 -0.678888 3.98561
-0.455248 4.48354 -0.416846 4.03354
-0.455248 4.48354 -0.416846 4.03354
-0.500236 4.56715 -0.80437 4.11715
-0.53157 4.61721 -0.595855 4.16721
-0.567783 4.66793 -0.532569 4.21793
-0.616986 4.72835 -0.472076 4.27835
-0.67865 4.78601 -0.638492 4.33601
-0.733219 4.82982 -0.697606 4.37982
-0.787162 4.87843 -0.464045 4.42843
-0.841088 4.92217 -0.528117 4.47217
-0.898404 4.96905 -0.44734 4.51905
-0.982903 5.03405 -0.46398 4.58405
-0.982903 5.03405 -0.46398 4.58405
-1.18618 5.1753 -0.68845 4.7253
-1.18618 5.1753 -0.68845 4.7253
-1.18618 5.1753 -0.68845 4.7253
-0.769622 8.1616 -0.453347 7.7116
-0.86024 8.22409 -0.431475 7.77409
-1.01565 8.2871 -0.591837 7.8371
-1.15642 8.38159 -0.530967 7.93159
-1.2712 8.47788 -0.532936 8.02788
-1.34282 8.56729 -0.54173 8.11729
-1.415 8.63564 -0.703575 8.18564
-1.5774 8.68437 -1.00666 8.23437
-1.68971 8.74259 -1.03159 8.29259
-1.77985 8.79097 -1.12376 8.34097
-1.8526 8.85209 -1.13043 8.40209
-1.8865 8.90877 -1.10718 8.45877
-1.89711 8.9579 -1.11286 8.5079
-1.9704 9.04277 -1.41638 8.59277
-1.9704 9.04277 -1.41638 8.59277
-1.95844 9.14024 -1.06048 8.69024
-1.95844 9.14024 -1.06048 8.69024
-1.95844 9.14024 -1.06048 8.69024
-1.95844 9.14024 -1.06048 8.69024
-1.95844 9.14024 -1.06048 8.69024
-1.84404 9.48549 -1.44627 9.03549
-1.84404 9.48549 -1.44627 9.03549
