-1.62853 0.45 -1.57162 0
-1.40702 0.532473 -1.52477 0.082473
-2.10326 0.607544 -2.07551 0.157544
-1.40619 0.664859 -1.17783 0.214859
-0.555511 0.727069 -0.715907 0.277069
-0.748018 0.767494 -1.38452 0.317494
-0.585589 0.839294 -0.985803 0.389294
-0.0764683 0.908256 -0.412162 0.458256
-0.103791 0.937104 -0.792097 0.487104
-0.103791 0.937104 -0.792097 0.487104
-0.103791 0.937104 -0.792097 0.487104
-0.495932 1.29436 -0.565001 0.844358
-0.470751 1.33325 -0.367471 0.883251
-0.779923 1.36802 -0.81694 0.918021
-0.786032 1.40374 -0.403741 0.953742
-0.880825 1.48206 -0.456662 1.03206
-1.02523 1.55942 -0.61931 1.10942
-1.10411 1.59615 -0.647575 1.14615
-1.17952 1.66039 -0.483965 1.21039
-1.29359 1.75371 -0.566349 1.30371
-1.29359 1.75371 -0.566349 1.30371
-1.29359 1.75371 -0.566349 1.30371
-1.70091 2.0678 -0.952759 1.6178
-1.70091 2.0678 -0.952759 1.6178
-1.88371 2.24876 -1.14478 1.79876
-1.92451 2.29398 -1.23522 1.84398
-1.97461 2.36773 -1.21855 1.91773
-1.99982 2.43421 -1.18422 1.98421
-1.99982 2.43421 -1.18422 1.98421
-2.05421 2.56389 -1.31845 2.11389
-2.05421 2.56389 -1.31845 2.11389
-2.05421 2.56389 -1.31845 2.11389
-2.05421 2.56389 -1.31845 2.11389
-2.05421 2.56389 -1.31845 2.11389
-2.05421 2.56389 -1.31845 2.11389
-2.05421 2.56389 -1.31845 2.11389
-2.05421 2.56389 -1.31845 2.11389
0.25712 4.31736 -0.986225 3.86736
0.0733779 4.36703 -0.837658 3.91703
-0.194943 4.4106 -0.869693 3.9606
0.065721 4.44461 -0.51493 3.99461
-0.0495236 4.48333 -0.678888 4.03333
0.0920661 4.53126 -0.416846 4.08126
-0.0658989 4.57462 -0.583483 4.12462
-0.382949 4.64046 -0.697768 4.19046
-0.515587 4.71565 -0.532569 4.26565
-0.651156 4.75718 -0.583277 4.30718
-0.734449 4.81484 -0.518128 4.36484
-0.888236 4.90471 -0.567041 4.45471
-0.968014 4.96988 -0.528117 4.51988
-0.978383 5.01677 -0.44734 4.56677
-1.02594 5.08177 -0.46398 4.63177
-1.02594 5.08177 -0.46398 4.63177
-1.1789 5.17408 -0.648052 4.72408
-1.29604 5.24719 -0.708397 4.79719
-1.29604 5.24719 -0.708397 4.79719
-1.29604 5.24719 -0.708397 4.79719
-1.23059 8.2219 -0.322327 7.7719
-1.2029 8.2718 -0.431475 7.8218
-1.31576 8.313 -0.671109 7.863
-1.32339 8.35127 -0.532028 7.90127
-1.36928 8.42931 -0.530967 7.97931
-1.36928 8.42931 -0.530967 7.97931
-1.36928 8.42931 -0.530967 7.97931
-1.78921 8.73208 -1.00666 8.28208
-1.80894 8.7903 -1.03159 8.3403
-1.84451 8.83868 -1.12376 8.38868
-1.84797 8.87942 -1.08823 8.42942
-1.87118 8.93609 -1.14496 8.48609
-1.92505 9.03158 -1.26864 8.58158
-1.95382 9.11645 -1.36041 8.66645
-2.03801 9.15151 -1.89147 8.70151
-1.96235 9.18796 -1.06048 8.73796
-1.96235 9.18796 -1.06048 8.73796
-1.96235 9.18796 -1.06048 8.73796
-1.96235 9.18796 -1.06048 8.73796
-1.96235 9.18796 -1.06048 8.73796
-1.96235 9.18796 -1.06048 8.73796
-1.87418 9.6328 -1.93199 9.1828
-1.84862 9.70982 -2.26198 9.25982
-1.74503 9.77904 -1.76689 9.32904
-1.58716 9.82256 -1.73741 9.37256
-1.38159 9.87179 -1.64926 9.42179
-1.3256 9.9211 -1.84029 9.4711
-1.48831 9.97622 -2.34644 9.52622
-1.45873 10.029 -2.40703 9.57897
-1.39235 10.0654 -1.71194 9.61543
-1.3508 10.0958 -1.89291 9.64581
-1.30752 10.1453 -2.21979 9.69531
-1.20472 10.2171 -1.82226 9.76715
-1.11988 10.2827 -1.86518 9.83271
-1.11988 10.2827 -1.86518 9.83271
-1.11988 10.2827 -1.86518 9.83271
-0.543508 10.801 -1.06579 10.351
-0.506118 10.8495 -0.840159 10.3995
-0.483953 10.9159 -0.914313 10.4659
-0.477451 10.9942 -0.909054 10.5442
-0.505165 11.0422 -1.2045 10.5922
-0.507348 11.0723 -0.760522 10.6223
-0.498196 11.1092 -0.451617 10.6592
-0.509035 11.1511 -0.666464 10.7011
-0.528431 11.2008 -0.64586 10.7508
-0.559707 11.2483 -0.76839 10.7983
-0.584549 11.286 -0.640426 10.836
-0.624269 11.338 -0.654124 10.888
-0.663286 11.3861 -0.563188 10.9361
-0.710291 11.4402 -0.490963 10.9902
-0.794557 11.5282 -0.370865 11.0782
-0.794557 11.5282 -0.370865 11.0782
-1.05436 11.7405 -0.459647 11.2905
-1.08999 11.7837 -0.134824 11.3337
-1.19372 11.859 -0.571984 11.409
-1.30516 11.9392 -0.635535 11.4892
-1.40016 12.005 -0.79932 11.555
-1.47699 12.0649 -0.725132 11.6149
-1.51038 12.113 -0.283655 11.663
-1.51038 12.113 -0.283655 11.663
-1.51038 12.113 -0.283655 11.663
-1.51038 12.113 -0.283655 11.663
-1.51038 12.113 -0.283655 11.663
-1.51038 12.113 -0.283655 11.663
-1.51038 12.113 -0.283655 11.663
-1.96153 12.6424 -1.10459 12.1924
-1.94391 12.6817 -1.03796 12.2317
-1.98727 12.7189 -2.43055 12.2689
-1.98762 12.7533 -1.67394 12.3033
-1.96839 12.8048 -1.34858 12.3548
-1.96839 12.8048 -1.34858 12.3548
-1.96839 12.8048 -1.34858 12.3548
-1.96839 12.8048 -1.34858 12.3548
-1.96839 12.8048 -1.34858 12.3548
-2.81082 15.5064 -1.11727 15.0564
-2.22778 15.5487 -0.704249 15.0987
-2.40837 15.6179 -1.07873 15.1679
-2.80229 15.697 -1.35124 15.247
-3.96175 15.7466 -2.22436 15.2966
-3.09615 15.7861 -1.09378 15.3361
-2.75753 15.8327 -1.3026 15.3827
-2.6301 15.8795 -1.49201 15.4295
-2.37534 15.9395 -1.38879 15.4895
-2.29215 16.0049 -1.60533 15.5549
-2.69715 16.0597 -2.3451 15.6097
-2.6453 16.0978 -1.92979 15.6478
-2.39861 16.1564 -1.64537 15.7064
-2.30488 16.227 -1.91784 15.777
-2.27338 16.2746 -2.05891 15.8246
-2.08646 16.3352 -1.77663 15.8852
-2.08646 16.3352 -1.77663 15.8852
-2.08646 16.3352 -1.77663 15.8852
-2.08646 16.3352 -1.77663 15.8852
0.141609 29.516 -1.23457 29.066
-1.00904 29.5723 -2.08749 29.1223
-1.37381 29.6201 -1.98702 29.1701
-1.46857 29.6663 -1.93917 29.2163
-1.59354 29.7277 -2.0283 29.2777
-1.59354 29.7277 -2.0283 29.2777
-0.850955 29.8209 -1.42681 29.3709
-0.850955 29.8209 -1.42681 29.3709
-1.14665 29.9796 -2.01343 29.5296
-1.34063 30.0368 -2.04524 29.5868
-1.34063 30.0368 -2.04524 29.5868
-1.1712 30.1209 -1.74011 29.6709
-1.30925 30.1884 -2.08726 29.7384
-1.30925 30.1884 -2.08726 29.7384
-1.30925 30.1884 -2.08726 29.7384
-0.877943 30.5471 -1.51446 30.0971
-0.877943 30.5471 -1.51446 30.0971
-0.877943 30.5471 -1.51446 30.0971
-2.75835 39.9233 -2.40499 39.4733
-1.53891 39.9955 -1.74125 39.5455
-1.69424 40.0612 -1.93052 39.6112
-1.59757 40.1322 -1.84585 39.6822
-1.93983 40.2046 -2.02811 39.7545
-1.93983 40.2046 -2.02811 39.7545
-1.35792 40.3027 -1.57886 39.8527
-1.35792 40.3027 -1.57886 39.8527
-1.35792 40.3027 -1.57886 39.8527
-1.35792 40.3027 -1.57886 39.8527
-1.16735 40.5207 -1.53262 40.0707
-1.12998 40.6146 -1.4701 40.1646
-0.805624 40.6825 -1.045 40.2325
-1.10473 40.7387 -1.61206 40.2887
-1.1932 40.778 -1.49042 40.328
-0.829325 40.8221 -0.681171 40.3721
-0.822642 40.8807 -1.1196 40.4307
-0.907311 40.9206 -1.28959 40.4706
-0.736715 40.9542 -0.63124 40.5042
-0.759747 41.0051 -1.02002 40.5551
-0.686275 41.0625 -0.688716 40.6125
-0.623073 41.1133 -0.608924 40.6633
-0.627764 41.1858 -0.6799 40.7358
-0.608684 41.2519 -0.518473 40.8019
-0.586926 41.312 -0.4127 40.862
-0.678114 41.4038 -0.616157 40.9538
-0.777841 41.4978 -0.576709 41.0478
-0.827838 41.5656 -0.442402 41.1156
-0.827838 41.5656 -0.442402 41.1156
-0.932815 41.6581 -0.515008 41.2081
-0.992695 41.7101 -0.521477 41.2601
-1.02549 41.7579 -0.384469 41.3079
-1.02549 41.7579 -0.384469 41.3079
-1.02549 41.7579 -0.384469 41.3079
-1.02549 41.7579 -0.384469 41.3079
-1.02549 41.7579 -0.384469 41.3079
-1.02549 41.7579 -0.384469 41.3079
-1.02549 41.7579 -0.384469 41.3079
-1.02549 41.7579 -0.384469 41.3079
