-1.74816 0.45 -1.13526 0
-1.74401 0.480507 -0.720479 0.0305066
-1.79592 0.515921 -1.14478 0.0659213
-1.85771 0.561142 -1.23522 0.111142
-1.91382 0.607988 -1.29422 0.157988
-1.95999 0.674469 -1.17353 0.224469
-1.95999 0.674469 -1.17353 0.224469
-2.02914 0.813296 -1.25949 0.363296
-2.02914 0.813296 -1.25949 0.363296
-2.02914 0.813296 -1.25949 0.363296
-2.02914 0.813296 -1.25949 0.363296
-2.02914 0.813296 -1.25949 0.363296
-2.02914 0.813296 -1.25949 0.363296
-2.02914 0.813296 -1.25949 0.363296
-1.56761 1.58754 -1.57194 1.13754
-1.56761 1.58754 -1.57194 1.13754
-1.25579 1.67958 -1.65577 1.22958
-1.30961 1.76417 -2.10548 1.31417
-1.12336 1.86146 -1.68875 1.41146
-1.12387 1.92692 -2.64817 1.47692
-1.02583 1.99257 -1.72039 1.54257
-0.936091 2.0496 -1.54225 1.5996
-0.800777 2.13803 -1.32908 1.68803
-0.800777 2.13803 -1.32908 1.68803
-0.600232 2.32829 -1.39247 1.87829
-0.660238 2.37158 -2.25039 1.92158
-0.575676 2.42882 -0.734457 1.97882
-0.527139 2.49396 -0.9715 2.04396
-0.480085 2.58964 -0.860971 2.13964
-0.46869 2.67777 -0.869693 2.22777
-0.450247 2.71178 -0.51493 2.26178
-0.450247 2.71178 -0.51493 2.26178
-0.450247 2.71178 -0.51493 2.26178
-0.450247 2.71178 -0.51493 2.26178
-0.450247 2.71178 -0.51493 2.26178
-0.539906 2.95722 -0.564499 2.50722
-0.597189 3.02434 -0.583277 2.57434
-0.622242 3.05963 -0.375534 2.60963
-0.695186 3.12233 -0.667414 2.67233
-0.794252 3.20988 -0.488311 2.75988
-0.905415 3.29801 -0.485994 2.84801
-0.988292 3.36301 -0.392092 2.91301
-1.01775 3.40035 0.0130223 2.95035
-1.11264 3.46163 -0.643479 3.01163
-1.22923 3.53474 -0.758625 3.08474
-1.22923 3.53474 -0.758625 3.08474
-1.22923 3.53474 -0.758625 3.08474
-1.66096 7.77876 -1.65021 7.32876
-1.66096 7.77876 -1.65021 7.32876
-1.66096 7.77876 -1.65021 7.32876
-1.36091 8.11261 -1.69644 7.66261
-1.36091 8.11261 -1.69644 7.66261
-1.41502 8.29613 -2.40703 7.84613
-1.3499 8.35056 -1.819 7.90056
-1.30911 8.41247 -2.21979 7.96247
-1.24165 8.46648 -1.83328 8.01648
-1.16185 8.53204 -1.84167 8.08204
-1.16185 8.53204 -1.84167 8.08204
-1.16185 8.53204 -1.84167 8.08204
-0.652969 8.98403 -1.31696 8.53403
-0.62663 9.01973 -1.14707 8.56973
-0.593082 9.06816 -1.06579 8.61816
-0.539404 9.16009 -0.888652 8.71009
-0.539404 9.16009 -0.888652 8.71009
-0.539404 9.16009 -0.888652 8.71009
-0.530193 9.46792 -0.64586 9.01792
-0.56881 9.5335 -0.707286 9.0835
-0.618324 9.60514 -0.654124 9.15514
-0.618324 9.60514 -0.654124 9.15514
-0.618324 9.60514 -0.654124 9.15514
-0.897259 9.89569 -0.63117 9.44569
-0.973381 9.96743 -0.448741 9.51743
-1.01493 10.0076 -0.459647 9.55765
-1.03915 10.0508 -0.134824 9.60084
-1.10398 10.1025 -0.52552 9.65249
-1.17607 10.1553 -0.629328 9.70532
-1.24355 10.2063 -0.635535 9.75634
-1.32164 10.2523 -0.964995 9.80227
-1.41797 10.3388 -0.528471 9.88884
-1.41797 10.3388 -0.528471 9.88884
-1.41797 10.3388 -0.528471 9.88884
-1.73529 10.6164 -1.09986 10.1664
-1.73529 10.6164 -1.09986 10.1664
-1.73529 10.6164 -1.09986 10.1664
-1.73529 10.6164 -1.09986 10.1664
-1.73529 10.6164 -1.09986 10.1664
-1.88646 10.9095 -1.10459 10.4595
-1.89874 10.963 -1.56468 10.513
-1.90756 11.0205 -1.67394 10.5705
-1.88453 11.072 -1.34858 10.622
-1.88453 11.072 -1.34858 10.622
-2.01501 14.191 -1.37344 13.741
-1.94423 14.2293 -1.41105 13.7793
-1.95157 14.2721 -1.60533 13.8221
-2.32448 14.3269 -2.3451 13.8769
-2.35612 14.365 -1.92979 13.915
-2.26886 14.3961 -1.66481 13.9461
-2.06668 14.4443 -1.6307 13.9943
-2.05077 14.4941 -1.91784 14.0441
-2.05796 14.5418 -2.05891 14.0918
-1.9573 14.6024 -1.77663 14.1524
-1.9573 14.6024 -1.77663 14.1524
-1.9573 14.6024 -1.77663 14.1524
-0.914995 32.1818 -1.74024 31.7318
-0.914995 32.1818 -1.74024 31.7318
-0.914995 32.1818 -1.74024 31.7318
-0.914995 32.1818 -1.74024 31.7318
-0.914995 32.1818 -1.74024 31.7318
-0.646706 39.5541 -0.359984 39.1041
-0.649841 39.5986 -0.453549 39.1486
-0.784889 39.6514 -0.825614 39.2014
-0.769229 39.6987 -0.318369 39.2487
-0.859389 39.765 -0.576709 39.315
-0.922871 39.8328 -0.442402 39.3828
-0.982648 39.903 -0.37781 39.453
-1.103 40 -0.456334 39.55
-1.103 40 -0.456334 39.55
-1.103 40 -0.456334 39.55
-1.103 40 -0.456334 39.55
-1.81714 40.4873 -0.961103 40.0373
-1.92579 40.5464 -1.41553 40.0964
-1.93878 40.5923 -1.01233 40.1423
-2.01506 40.6754 -1.30282 40.2254
-2.09414 40.7584 -1.61272 40.3084
-2.11414 40.7943 -1.53286 40.3443
-2.10613 40.8365 -1.19071 40.3865
-2.10613 40.8365 -1.19071 40.3865
-2.10613 40.8365 -1.19071 40.3865
-2.10613 40.8365 -1.19071 40.3865
-2.10613 40.8365 -1.19071 40.3865
-1.87426 41.4432 -1.68219 40.9932
-1.81011 41.4818 -1.83101 41.0318
-1.72986 41.5282 -1.71655 41.0782
-0.261551 49.405 -0.653877 48.955
-0.680972 49.4765 -0.986377 49.0265
-0.587941 49.5195 -0.353936 49.0695
-0.70221 49.5909 -0.648973 49.1409
-0.70221 49.5909 -0.648973 49.1409
-0.70221 49.5909 -0.648973 49.1409
-1.06448 49.8789 -0.62732 49.4289
-1.06448 49.8789 -0.62732 49.4289
-1.06448 49.8789 -0.62732 49.4289
-1.24605 50.0349 -0.576371 49.5849
-1.08777 50.0786 -0.322023 49.6286
-1.1468 50.1293 -0.5502 49.6793
-1.22009 50.1917 -0.567712 49.7417
-1.32547 50.2501 -0.828156 49.8001
-1.43975 50.328 -0.845652 49.878
-1.54731 50.4237 -0.792549 49.9737
-1.609 50.4973 -0.77329 50.0473
-1.71425 50.5512 -1.45568 50.1012
-1.78484 50.5926 -1.34723 50.1426
-1.83077 50.6578 -1.20209 50.2078
-1.91649 50.7279 -1.65854 50.2779
-1.91905 50.7689 -1.24014 50.3189
-1.91905 50.8467 -1.03482 50.3967
-1.91905 50.8467 -1.03482 50.3967
-1.89282 50.9984 -0.77731 50.5484
-1.87041 51.0382 -1.26706 50.5882
-1.87041 51.0382 -1.26706 50.5882
-1.87041 51.0382 -1.26706 50.5882
-1.87041 51.0382 -1.26706 50.5882
-1.47257 51.6425 -1.69742 51.1925
-1.47257 51.6425 -1.69742 51.1925
-1.47257 51.6425 -1.69742 51.1925
-1.47257 51.6425 -1.69742 51.1925
-1.07058 51.895 -1.12238 51.445
-1.11426 51.9411 -2.59608 51.4911
-1.06312 51.9824 -1.68835 51.5324
-0.987241 52.0275 -1.14361 51.5775
-0.892142 52.0785 -0.967191 51.6285
-0.892142 52.0785 -0.967191 51.6285
-0.55165 52.2383 -0.348649 51.7883
-0.55165 52.2383 -0.348649 51.7883
-0.55165 52.2383 -0.348649 51.7883
-0.480811 52.4527 -1.23757 52.0027
-0.464962 52.4951 -0.807682 52.0451
-0.467691 52.54 -0.946326 52.09
-0.456079 52.6086 -0.658428 52.1586
-0.480222 52.7073 -0.948675 52.2573
-0.48861 52.7826 -0.268699 52.3326
-0.508771 52.8196 -0.645605 52.3696
-0.521137 52.8558 -0.32458 52.4058
-0.568924 52.9206 -0.619597 52.4706
-0.568924 52.9206 -0.619597 52.4706
-0.693448 53.0573 -0.580233 52.6073
-0.767433 53.1125 -0.724781 52.6625
-0.767433 53.1125 -0.724781 52.6625
-0.848362 53.1882 -0.465434 52.7382
-0.926267 53.2388 -0.673637 52.7888
-0.972346 53.2842 -0.469402 52.8342
-1.01042 53.3284 -0.407995 52.8784
-1.09787 53.383 -0.7379 52.933
-1.141 53.4267 -0.523105 52.9767
-1.18562 53.4861 -0.426587 53.0361
-1.18562 53.4861 -0.426587 53.0361
-1.18562 53.4861 -0.426587 53.0361
-1.18562 53.4861 -0.426587 53.0361
-1.18562 53.4861 -0.426587 53.0361
-1.82561 54.194 -1.57127 53.744
-1.82561 54.194 -1.57127 53.744
-1.82561 54.194 -1.57127 53.744
-1.79493 54.4457 -1.78218 53.9957
-1.76179 54.514 -2.05055 54.064
-1.72547 54.5514 -1.00132 54.1014
-1.68128 54.6263 -2.21942 54.1763
-1.64327 54.6964 -2.40304 54.2464
-1.57303 54.7689 -1.88736 54.3189
-1.57303 54.7689 -1.88736 54.3189
-1.57303 54.7689 -1.88736 54.3189
-1.33194 55.0193 -2.24653 54.5693
-1.20977 55.0597 -1.25551 54.6097
-1.20977 55.0597 -1.25551 54.6097
-1.20977 55.0597 -1.25551 54.6097
