-1.33876 0.45 -1.89478 0
-1.0311 0.519717 -1.30495 0.0697167
-1.02874 0.565268 -1.73766 0.115268
-0.944087 0.609552 -1.44669 0.159552
-0.998595 0.653461 -1.7436 0.203461
-0.928318 0.721734 -1.49036 0.271734
-0.811089 0.815792 -1.32829 0.365792
-0.780559 0.881377 -1.40235 0.431377
-0.667146 0.956002 -1.04406 0.506001
-0.580731 1.02467 -0.910211 0.574671
-0.513186 1.09729 -0.763743 0.64729
-0.481337 1.19437 -0.816901 0.744366
-0.477011 1.26021 -0.815571 0.810212
-0.483324 1.35269 -0.68381 0.902689
-0.483324 1.35269 -0.68381 0.902689
-0.548262 1.50984 -1.3478 1.05984
-0.548262 1.50984 -1.3478 1.05984
-0.604898 1.62467 -0.673408 1.17467
-0.604898 1.62467 -0.673408 1.17467
-0.660882 1.70753 -0.594062 1.25753
-0.660882 1.70753 -0.594062 1.25753
-0.660882 1.70753 -0.594062 1.25753
-0.785323 1.82423 -0.732899 1.37423
-0.785323 1.82423 -0.732899 1.37423
-0.785323 1.82423 -0.732899 1.37423
-1.13407 2.00503 -1.19753 1.55503
-1.13407 2.00503 -1.19753 1.55503
-1.25198 2.11065 -0.6636 1.66065
-1.35017 2.19398 -0.844942 1.74398
-1.35017 2.19398 -0.844942 1.74398
-1.35017 2.19398 -0.844942 1.74398
-1.35017 2.19398 -0.844942 1.74398
-1.35017 2.19398 -0.844942 1.74398
-1.35017 2.19398 -0.844942 1.74398
-1.35017 2.19398 -0.844942 1.74398
-0.296304 11.2371 -0.780128 10.7871
-0.243668 11.3252 -0.511714 10.8752
-0.243668 11.3252 -0.511714 10.8752
-0.235432 11.5059 -0.362874 11.0559
-0.290858 11.5655 -0.539272 11.1155
-0.360763 11.6555 -0.497402 11.2055
-0.546649 11.7331 -0.477348 11.2831
-0.546649 11.7331 -0.477348 11.2831
-0.546649 11.7331 -0.477348 11.2831
-0.546649 11.7331 -0.477348 11.2831
-0.546649 11.7331 -0.477348 11.2831
-1.02615 12.0915 -0.650739 11.6415
-1.10438 12.1496 -0.641106 11.6996
-1.18904 12.2075 -0.845869 11.7575
-1.28817 12.2889 -0.766766 11.8389
-1.38831 12.3652 -1.06337 11.9152
-1.38831 12.3652 -1.06337 11.9152
-1.51233 12.5088 -0.85882 12.0588
-1.62047 12.5999 -1.55917 12.1499
-1.62047 12.5999 -1.55917 12.1499
-1.62047 12.5999 -1.55917 12.1499
-1.62047 12.5999 -1.55917 12.1499
-1.62047 12.5999 -1.55917 12.1499
-1.62047 12.5999 -1.55917 12.1499
-1.2944 15.2049 -0.55481 14.7549
-1.2944 15.2049 -0.55481 14.7549
-1.2944 15.2049 -0.55481 14.7549
-1.32331 15.3449 -0.368925 14.8949
-1.32331 15.3449 -0.368925 14.8949
-1.32331 15.3449 -0.368925 14.8949
-1.66283 15.6467 -0.758579 15.1967
-1.73731 15.6786 -1.07796 15.2286
-1.71904 15.7156 -0.820046 15.2656
-1.71904 15.7156 -0.820046 15.2656
-1.71904 15.7156 -0.820046 15.2656
-1.71904 15.7156 -0.820046 15.2656
-1.71904 15.7156 -0.820046 15.2656
-2.35527 19.4416 -1.23391 18.9916
-2.32328 19.4972 -1.84679 19.0472
-2.1335 19.5534 -1.34518 19.1034
-2.15104 19.6127 -2.18934 19.1627
-2.05321 19.6931 -1.96343 19.2431
-1.8571 19.7796 -1.63781 19.3296
-1.8571 19.7796 -1.63781 19.3296
-1.8571 19.7796 -1.63781 19.3296
-1.42099 20.0197 -1.8048 19.5697
-1.42099 20.0197 -1.8048 19.5697
-1.42099 20.0197 -1.8048 19.5697
-1.42099 20.0197 -1.8048 19.5697
-1.42099 20.0197 -1.8048 19.5697
-0.187489 20.6957 -1.22167 20.2457
-0.187489 20.6957 -1.22167 20.2457
-0.187489 20.6957 -1.22167 20.2457
-0.124953 20.8741 -1.14919 20.4241
-0.150193 20.9621 -1.1331 20.5121
-0.150193 20.9621 -1.1331 20.5121
-0.0849788 21.1446 -1.01078 20.6946
-0.103916 21.2296 -0.840921 20.7796
-0.103916 21.2296 -0.840921 20.7796
-0.103916 21.2296 -0.840921 20.7796
-0.365633 21.5598 -0.864883 21.1098
-0.442186 21.6077 -0.443708 21.1577
-0.529662 21.6621 -0.456246 21.2121
-0.628015 21.7242 -0.439155 21.2742
-0.761871 21.806 -0.504118 21.356
-0.874167 21.8584 -0.842308 21.4084
-0.930323 21.8967 -0.354927 21.4467
-1.03172 21.96 -0.488241 21.51
-1.12666 22.0179 -0.565523 21.5679
-1.19452 22.0625 -0.484389 21.6125
-1.19452 22.0625 -0.484389 21.6125
-1.19452 22.0625 -0.484389 21.6125
-1.48366 22.2539 -0.662845 21.8039
-1.48366 22.2539 -0.662845 21.8039
-1.48366 22.2539 -0.662845 21.8039
-1.48366 22.2539 -0.662845 21.8039
-1.48366 22.2539 -0.662845 21.8039
