-1.65705 0.45 -0.720479 0
-1.71684 0.485415 -1.14478 0.0354147
-1.78476 0.530635 -1.23522 0.0806353
-1.78476 0.530635 -1.23522 0.0806353
-1.78476 0.530635 -1.23522 0.0806353
-1.78476 0.530635 -1.23522 0.0806353
-1.78476 0.530635 -1.23522 0.0806353
-1.78476 0.530635 -1.23522 0.0806353
-1.78476 0.530635 -1.23522 0.0806353
-1.0822 3.1142 -0.697606 2.6642
-1.03585 3.1628 -0.464045 2.7128
-1.05808 3.23686 -0.47588 2.78686
-1.12316 3.29782 -0.569255 2.84782
-1.07682 3.33251 -0.392092 2.88251
-1.07682 3.33251 -0.392092 2.88251
-1.07682 3.33251 -0.392092 2.88251
