-1.7594 0.45 -0.888327 0
-1.83193 0.488063 -1.13526 0.038063
-1.81874 0.53587 -0.927755 0.0858703
-1.81874 0.53587 -0.927755 0.0858703
-1.94088 0.73944 -1.18422 0.28944
-1.94088 0.73944 -1.18422 0.28944
-1.9287 0.851359 -1.25949 0.401359
-1.9287 0.851359 -1.25949 0.401359
-1.9287 0.851359 -1.25949 0.401359
-1.9287 0.851359 -1.25949 0.401359
-1.9287 0.851359 -1.25949 0.401359
-1.60946 1.64455 -2.23975 1.19455
-1.46779 1.71764 -1.65577 1.26764
-1.3679 1.80223 -2.10548 1.35223
-1.21488 1.89953 -1.68875 1.44953
-1.17007 1.96499 -2.64817 1.51499
-1.04686 2.04321 -1.6811 1.59321
-1.04686 2.04321 -1.6811 1.59321
-1.04686 2.04321 -1.6811 1.59321
-0.638364 2.36635 -1.39247 1.91635
-0.590966 2.4311 -1.33422 1.9811
-0.51746 2.51152 -0.886016 2.06152
-0.468292 2.57803 -0.770254 2.12803
-0.447834 2.65052 -0.902662 2.20052
-0.445189 2.71583 -0.869693 2.26583
-0.432704 2.74984 -0.51493 2.29984
-0.436498 2.81614 -0.52807 2.36614
-0.436498 2.81614 -0.52807 2.36614
-0.549994 3.02088 -0.532569 2.57088
-0.549994 3.02088 -0.532569 2.57088
-0.549994 3.02088 -0.532569 2.57088
-0.549994 3.02088 -0.532569 2.57088
-0.549994 3.02088 -0.532569 2.57088
-0.549994 3.02088 -0.532569 2.57088
-0.549994 3.02088 -0.532569 2.57088
-1.16654 3.49969 -0.643479 3.04969
-1.28855 3.57281 -0.758625 3.12281
-1.28855 3.57281 -0.758625 3.12281
-1.28855 3.57281 -0.758625 3.12281
