-3.35337 0.45 -1.83328 0
-2.43096 0.490309 -1.80836 0.0403092
-2.18067 0.533391 -1.86518 0.0833905
-2.18067 0.533391 -1.86518 0.0833905
-2.18067 0.533391 -1.86518 0.0833905
-1.14688 0.921755 -1.43533 0.471755
-0.989563 0.967551 -1.31696 0.517551
-0.812738 1.00325 -1.14707 0.553249
-0.685471 1.05168 -1.06579 0.601677
-0.487182 1.10021 -0.840159 0.650212
-0.440606 1.14516 -0.917316 0.695161
-0.439826 1.18856 -0.911231 0.73856
-0.480272 1.24486 -0.909054 0.794857
-0.792031 1.29289 -1.2045 0.842893
-0.750213 1.32294 -0.760522 0.872941
-0.511835 1.3599 -0.451617 0.909901
-0.510136 1.40176 -0.666464 0.951762
-0.527972 1.45144 -0.64586 1.00144
-0.621398 1.49902 -0.76839 1.04902
-0.672578 1.53672 -0.640426 1.08672
-0.770131 1.58866 -0.654124 1.13866
-0.766553 1.63678 -0.563188 1.18678
-0.720177 1.67008 -0.440636 1.22008
-0.755305 1.71003 -0.537129 1.26003
-0.739782 1.75057 -0.330169 1.30057
-0.764882 1.7986 -0.39916 1.3486
-0.843613 1.85915 -0.52521 1.40915
-0.976908 1.91141 -0.80133 1.46141
-1.00112 1.95095 -0.448741 1.50095
-1.03267 1.99116 -0.459647 1.54116
-1.01131 2.03436 -0.134824 1.58436
-1.07978 2.08601 -0.52552 1.63601
-1.16259 2.13884 -0.629328 1.68884
-1.23664 2.18986 -0.635535 1.73986
-1.34219 2.23579 -0.964995 1.78579
-1.38312 2.27423 -0.644585 1.82423
-1.43425 2.31557 -0.725132 1.86557
-1.44126 2.36369 -0.283655 1.91369
-1.60286 2.46801 -1.09105 2.01801
-1.82263 2.56223 -1.95654 2.11223
-1.83898 2.59988 -1.09986 2.14988
-1.86003 2.64555 -1.02935 2.19555
-1.94501 2.69962 -1.73997 2.24962
-1.97562 2.75494 -1.35293 2.30494
-2.01624 2.81496 -1.60841 2.36496
-2.05598 2.86298 -2.06549 2.41298
-2.04319 2.89305 -1.10459 2.44305
-2.02281 2.9324 -1.03796 2.4824
-2.06234 2.9696 -2.43055 2.5196
-2.06208 3.00399 -1.67394 2.55399
-2.04 3.05552 -1.34858 2.60552
-2.04 3.05552 -1.34858 2.60552
-2.04 3.05552 -1.34858 2.60552
-1.90631 3.34868 -2.20728 2.89868
-1.90631 3.34868 -2.20728 2.89868
-1.90631 3.34868 -2.20728 2.89868
-8.24298 5.43091 -0.463797 4.98091
-7.36581 5.48211 -0.680211 5.03211
-5.94254 5.53299 -0.526302 5.08299
-5.94254 5.53299 -0.526302 5.08299
-5.94254 5.53299 -0.526302 5.08299
-5.19753 5.678 -0.954449 5.228
-4.36894 5.71455 -0.763393 5.26455
-4.46175 5.75709 -1.11727 5.30709
-3.92596 5.79943 -0.704249 5.34943
-4.13721 5.84312 -1.27658 5.39312
-3.81592 5.89073 -0.907316 5.44073
-3.92279 5.94768 -1.35124 5.49768
-4.61904 5.99723 -2.22436 5.54723
-4.08093 6.03678 -1.09378 5.58678
-3.80401 6.08338 -1.3026 5.63338
-3.66329 6.13019 -1.49201 5.68019
-3.32603 6.17453 -1.37344 5.72453
-3.13261 6.21287 -1.41105 5.76287
-3.05282 6.25559 -1.60533 5.80559
-3.29758 6.31043 -2.3451 5.86043
-3.24177 6.34852 -1.92979 5.89852
-3.07039 6.37958 -1.66481 5.92958
-2.90643 6.42779 -1.6307 5.97779
-2.84071 6.47767 -1.91784 6.02767
-2.80184 6.52527 -2.05891 6.07527
-2.64949 6.58592 -1.77663 6.13592
-3.0429 6.63306 -3.67749 6.18306
-2.78724 6.66214 -1.60239 6.21214
28.4065 6.70568 118.888 6.25568
28.4065 6.70568 118.888 6.25568
28.4065 6.70568 118.888 6.25568
28.4065 6.70568 118.888 6.25568
-2.64771 19.7052 -2.14408 19.2552
-0.625663 19.7666 -1.23457 19.3166
-1.95981 19.8229 -2.08749 19.3729
-2.26447 19.8708 -1.98702 19.4208
-2.25965 19.917 -1.93917 19.467
-2.31617 19.9784 -2.0283 19.5284
-4.14943 20.0315 -3.37843 19.5815
-2.72493 20.0715 -1.42681 19.6215
113.659 20.1226 106.806 19.6726
75.5826 20.1776 -2.18085 19.7276
46.4328 20.2303 -2.01343 19.7803
27.367 20.2875 -2.04524 19.8375
13.6775 20.3333 -3.0109 19.8833
5.33929 20.3716 -1.74011 19.9216
-0.715211 20.4149 -1.96333 19.9649
-5.18104 20.4592 -2.19044 20.0092
-5.18104 20.4592 -2.19044 20.0092
-5.18104 20.4592 -2.19044 20.0092
-9.92494 20.6954 -0.977545 20.2454
-10.6013 20.745 -1.52349 20.295
-10.8882 20.7978 -1.51446 20.3478
-10.8882 20.7978 -1.51446 20.3478
-10.8882 20.7978 -1.51446 20.3478
-1.69682 22.3233 -0.549127 21.8733
-3.26778 22.3784 -1.26063 21.9284
-2.12802 22.4392 -0.805953 21.9892
-3.79717 22.4882 -1.79058 22.0382
-3.01077 22.5067 -1.05608 22.0567
-2.15187 22.5341 -0.771269 22.0841
-1.16981 22.5907 -0.60343 22.1407
-2.15611 22.7135 -1.69221 22.2635
-2.03495 22.808 -1.49723 22.358
-1.38482 22.8534 -0.958901 22.4034
-2.13783 22.9135 -2.18027 22.4635
-2.04505 22.9552 -1.59759 22.5052
-2.0842 22.9978 -1.79537 22.5478
-2.14407 23.0507 -1.91584 22.6007
-2.14407 23.0507 -1.91584 22.6007
-2.14407 23.0507 -1.91584 22.6007
-1.95779 23.2902 -1.99133 22.8402
-1.73888 23.3364 -1.831 22.8864
-1.83116 23.3837 -2.18656 22.9337
-2.18984 23.4286 -2.92101 22.9786
-1.70525 23.4689 -1.29779 23.0189
-1.81457 23.5148 -2.27871 23.0648
-1.78777 23.5614 -2.21226 23.1114
-1.55902 23.6066 -1.81881 23.1566
-1.43163 23.6574 -1.82237 23.2074
-1.65898 23.7074 -2.85962 23.2574
-1.56059 23.7447 -1.89199 23.2947
27.0698 23.7844 141.76 23.3344
23.1177 23.8252 -2.06613 23.3752
19.6753 23.8696 -1.96234 23.4196
16.5224 23.924 -2.1135 23.474
13.7811 23.9739 -1.67953 23.5239
11.3224 24.0105 -2.6587 23.5605
8.12075 24.0362 -2.3095 23.5862
6.43635 24.0935 -1.30297 23.6435
4.7281 24.1653 -1.74024 23.7153
2.59304 24.3071 -1.35096 23.8571
2.59304 24.3071 -1.35096 23.8571
0.018443 24.5468 -0.985354 24.0968
-0.769846 24.6041 -1.43007 24.1541
-0.769846 24.6041 -1.43007 24.1541
-0.769846 24.6041 -1.43007 24.1541
1.21114 30.1048 -1.57243 29.6548
0.269225 30.159 -1.85224 29.709
-5.71833 30.2125 -3.8221 29.7625
-3.36721 30.2462 -1.74125 29.7962
-1.86907 30.2834 -1.62567 29.8334
-1.8232 30.3304 -2.12946 29.8804
-1.32916 30.3828 -1.84585 29.9328
-1.47199 30.4269 -2.13472 29.9769
-1.3344 30.4753 -1.95256 30.0253
-2.31533 30.5174 -2.90474 30.0674
-1.62093 30.5534 -1.57886 30.1034
-0.877356 30.5932 -1.24797 30.1432
-0.877356 30.5932 -1.24797 30.1432
-0.877356 30.5932 -1.24797 30.1432
-0.541194 30.7713 -1.53262 30.3213
-0.761074 30.8491 -1.71702 30.3991
-0.456648 30.886 -1.15414 30.436
-0.256506 30.9332 -1.045 30.4832
-0.51503 30.9894 -1.61206 30.5394
-0.615181 31.0287 -1.49042 30.5787
-0.344552 31.0728 -0.681171 30.6228
-0.403957 31.1314 -1.1196 30.6814
-0.498823 31.1713 -1.28959 30.7213
-0.391102 31.2049 -0.63124 30.7549
-0.431863 31.2557 -1.02002 30.8057
-0.401777 31.3132 -0.688716 30.8632
-0.383119 31.364 -0.608924 30.914
-0.394579 31.4169 -0.614964 30.9669
-0.463723 31.4675 -0.783362 31.0175
-0.473138 31.5026 -0.518473 31.0526
-0.463956 31.5376 -0.359984 31.0876
-0.494108 31.5821 -0.453549 31.1321
-0.605516 31.635 -0.825614 31.185
-0.629523 31.6822 -0.318369 31.2322
-0.708673 31.73 -0.610639 31.28
-0.775636 31.7768 -0.525058 31.3268
-0.82434 31.8163 -0.442402 31.3663
-0.85339 31.8596 -0.212392 31.4096
-0.931728 31.9088 -0.515008 31.4588
-1.01445 31.9608 -0.521477 31.5108
-1.07632 32.0086 -0.384469 31.5586
-1.07632 32.0086 -0.384469 31.5586
-1.07632 32.0086 -0.384469 31.5586
-1.57301 32.3438 -0.811654 31.8938
-1.62606 32.3977 -0.868452 31.9477
-1.78038 32.4482 -1.52515 31.9982
-1.76587 32.4839 -0.635044 32.0339
-1.86309 32.5299 -1.41553 32.0799
-1.88067 32.5758 -1.01233 32.1258
-1.93509 32.6292 -1.32899 32.1792
-1.97197 32.6897 -1.27567 32.2397
-2.01917 32.7419 -1.61272 32.2919
-2.03789 32.7778 -1.53286 32.3278
-2.03452 32.8201 -1.19071 32.3701
-2.05981 32.8698 -1.79998 32.4198
-2.05981 32.8698 -1.79998 32.4198
-2.05981 32.8698 -1.79998 32.4198
-1.95153 33.2305 -1.7087 32.7805
-1.91268 33.2728 -1.75852 32.8228
-1.91268 33.2728 -1.75852 32.8228
-1.91268 33.2728 -1.75852 32.8228
-1.73251 33.4267 -1.68219 32.9767
-1.67207 33.4653 -1.83101 33.0153
-1.58516 33.5117 -1.71655 33.0617
14.4799 37.4201 3.66309 36.9701
9.59804 37.4773 -0.107645 37.0273
4.85013 37.5288 -0.724214 37.0788
3.07679 37.561 -0.267363 37.111
1.7064 37.6054 -0.306768 37.1554
0.945045 37.6512 -0.0528845 37.2012
0.781424 37.6961 0.376959 37.2461
-0.253219 37.7461 -0.359098 37.2961
-12.8071 37.7989 -12.2136 37.3489
-10.2906 37.8501 -1.28224 37.4001
-7.64205 37.8909 -0.027584 37.4409
-5.92699 37.9216 -0.186425 37.4716
-5.12295 37.966 -0.869256 37.516
-4.48643 38.0209 -0.922417 37.5709
-3.78692 38.0705 -0.676344 37.6205
-3.3874 38.1238 -0.968956 37.6738
-3.3874 38.1238 -0.968956 37.6738
-3.3874 38.1238 -0.968956 37.6738
-1.85562 40.4983 -1.95359 40.0483
-3.37162 40.5426 -2.3211 40.0926
-2.52448 40.5817 -1.75694 40.1317
-2.52448 40.5817 -1.75694 40.1317
-2.52448 40.5817 -1.75694 40.1317
-1.02418 40.7372 -1.40533 40.2872
-0.342319 40.779 -1.1548 40.329
-0.473041 40.8277 -1.38679 40.3777
-0.879564 40.8789 -1.59886 40.4289
-0.909786 40.9228 -1.35681 40.4728
-0.922488 40.9758 -1.29561 40.5258
-0.538916 41.0248 -0.793387 40.5748
-0.652419 41.0655 -1.19522 40.6155
-0.054201 41.1144 -0.203989 40.6644
-0.169695 41.1582 -0.915208 40.7082
-0.388317 41.1933 -1.08879 40.7433
-0.692687 41.2635 -1.07895 40.8135
-0.409835 41.3288 -0.363395 40.8788
-0.745912 41.3603 -1.08912 40.9103
-0.524454 41.4091 -0.336954 40.9591
-0.823737 41.46 -0.986377 41.01
-0.701821 41.5031 -0.353936 41.0531
-0.818926 41.5582 -0.624285 41.1082
-0.921777 41.6092 -0.701806 41.1592
-0.938289 41.6395 -0.535535 41.1895
-0.938289 41.6395 -0.535535 41.1895
-0.938289 41.6395 -0.535535 41.1895
-0.938289 41.6395 -0.535535 41.1895
-1.1539 41.8208 -0.618409 41.3708
-1.19997 41.8851 -0.632158 41.4351
0.259148 41.943 4.76757 41.493
-1.12877 41.9762 -5.19754 41.5262
-1.18757 42.0184 -0.576371 41.5684
-1.19556 42.0621 -0.322023 41.6121
-1.26034 42.1128 -0.5502 41.6628
-1.33908 42.1752 -0.567712 41.7252
-1.42885 42.224 -0.820115 41.774
-1.48139 42.2526 -0.844024 41.8026
-1.48491 42.2857 -0.44785 41.8357
-1.60003 42.3351 -1.20878 41.8851
-1.64846 42.3858 -0.736646 41.9358
-1.69717 42.4321 -0.857435 41.9821
-1.73352 42.4808 -0.77329 42.0308
-1.83 42.5348 -1.45568 42.0848
-1.88735 42.5761 -1.34723 42.1261
-1.90816 42.6178 -1.00795 42.1678
-1.96136 42.6684 -1.42457 42.2184
-2.01301 42.7114 -1.65854 42.2614
-2.02477 42.7524 -1.24014 42.3024
-2.04998 42.7987 -1.51252 42.3487
-2.01985 42.855 -0.65844 42.405
-1.76557 42.9036 3.36533 42.4536
-1.72727 42.9415 -0.252955 42.4915
-1.71835 42.9819 -0.77731 42.5319
-1.7301 43.0217 -1.26706 42.5717
-2.09381 43.0626 -9.40675 42.6126
-2.05815 43.1061 -1.18098 42.6561
-2.05815 43.1061 -1.18098 42.6561
-2.05815 43.1061 -1.18098 42.6561
-1.71088 43.5548 -2.24138 43.1048
-1.67061 43.5776 -1.78489 43.1276
-1.59256 43.6261 -1.69742 43.1761
-1.59256 43.6261 -1.69742 43.1761
-1.59256 43.6261 -1.69742 43.1761
-1.33626 43.7948 -1.72315 43.3448
-1.30352 43.84 -3.04413 43.39
-1.2187 43.8786 -1.12238 43.4286
-1.17009 43.9246 -2.59608 43.4746
-1.10156 43.966 -1.68835 43.516
-1.01429 44.011 -1.14361 43.561
-0.917778 44.062 -0.967191 43.612
-0.520233 44.1172 1.92594 43.6672
-0.479445 44.1591 -1.28255 43.7091
-0.436072 44.1935 -0.76083 43.7435
-0.365476 44.2427 -0.0457795 43.7927
-0.258978 44.2947 1.46191 43.8447
-0.229696 44.3391 -0.409591 43.8891
-0.632853 44.3851 -11.027 43.9351
-0.596613 44.4362 -1.23757 43.9862
-0.569418 44.4786 -0.807682 44.0286
-0.560045 44.5235 -0.946326 44.0735
-0.515774 44.5762 -0.706827 44.1262
-0.485522 44.6166 -0.58427 44.1666
-0.486609 44.6909 -0.948675 44.2409
-0.479853 44.7661 -0.268699 44.3161
-0.486183 44.8031 -0.645605 44.3531
-0.490106 44.8393 -0.32458 44.3893
-0.507845 44.8892 -0.504958 44.4392
-0.534927 44.9378 -0.877776 44.4878
-0.554797 44.9782 -0.340468 44.5282
-0.608685 45.0408 -0.580233 44.5908
-0.660352 45.096 -0.724781 44.646
-0.68045 45.1311 -0.175598 44.6811
-0.714814 45.1717 -0.465434 44.7217
-0.771751 45.2223 -0.673637 44.7723
-0.823463 45.2677 -0.469402 44.8177
-0.872531 45.312 -0.407995 44.862
-0.944971 45.3665 -0.7379 44.9165
-0.994944 45.4102 -0.523105 44.9602
-1.03247 45.4463 -0.21124 44.9963
-1.0821 45.4907 -0.620814 45.0407
-1.14543 45.5406 -0.56519 45.0906
-1.22516 45.5955 -0.862189 45.1455
-1.22516 45.5955 -0.862189 45.1455
-1.22516 45.5955 -0.862189 45.1455
-1.43931 45.7666 -0.503848 45.3166
-1.43931 45.7666 -0.503848 45.3166
-1.43931 45.7666 -0.503848 45.3166
-1.43931 45.7666 -0.503848 45.3166
-2.038 45.9532 -5.7949 45.5032
-0.905014 46.0015 23.7119 45.5515
-1.03771 46.0403 -2.6767 45.5903
-1.09076 46.0832 -0.419615 45.6332
-1.18167 46.1331 -1.44295 45.6831
-1.27045 46.1776 -1.57127 45.7276
-1.27045 46.1776 -1.57127 45.7276
-1.27045 46.1776 -1.57127 45.7276
-1.49673 46.3245 -2.42421 45.8744
-1.55134 46.3601 -1.55565 45.9101
-1.60991 46.402 -1.5935 45.952
-1.68156 46.4528 -1.94533 46.0028
-1.65606 46.4975 -2.05055 46.0475
-1.73844 46.535 -1.00132 46.085
-1.78981 46.5843 -2.15129 46.1343
-1.83169 46.6391 -2.29746 46.1891
-1.86835 46.6799 -2.40304 46.2299
-1.86971 46.7201 -1.69119 46.2701
-1.87108 46.7639 -1.80712 46.3139
-1.88979 46.7962 -2.36436 46.3462
-1.87577 46.8257 -1.70681 46.3757
-1.85354 46.8857 -1.87 46.4357
1.57191 46.9597 102.022 46.5097
1.31706 47.0028 -2.24653 46.5528
1.10292 47.0432 -1.25551 46.5932
1.10292 47.0432 -1.25551 46.5932
1.10292 47.0432 -1.25551 46.5932
-2.21494 48.9276 -0.725234 48.4776
-3.35722 48.9746 -1.07983 48.5246
-2.60791 49.0184 -0.783429 48.5684
-1.95656 49.07 -0.740947 48.62
-3.03862 49.1184 -1.43299 48.6684
-2.51224 49.1569 -0.977663 48.7069
-1.50643 49.1948 -0.5319 48.7448
-1.64343 49.2313 -1.11148 48.7813
-1.6163 49.2805 -1.06314 48.8305
-2.2537 49.3385 -1.63022 48.8885
-2.46861 49.389 -1.57327 48.939
-1.86154 49.4273 -0.909608 48.9773
-2.0024 49.461 -1.56027 49.011
-1.91958 49.5084 -1.36339 49.0584
-2.50334 49.5575 -2.24709 49.1075
-1.97528 49.6053 -1.06597 49.1553
-2.1281 49.6656 -1.93854 49.2156
-2.44317 49.7201 -2.21305 49.2701
-2.37386 49.7512 -1.83374 49.3012
-1.99717 49.7897 -1.35416 49.3397
-2.11362 49.8349 -2.22921 49.3849
-1.80629 49.8794 -1.22818 49.4294
-2.01616 49.9379 -2.5819 49.4879
-1.87567 49.9985 -1.77707 49.5485
-1.87567 49.9985 -1.77707 49.5485
-1.87567 49.9985 -1.77707 49.5485
-1.14277 50.7366 -1.85372 50.2866
-1.14277 50.7366 -1.85372 50.2866
-1.14277 50.7366 -1.85372 50.2866
-1.14277 50.7366 -1.85372 50.2866
-0.205057 50.9636 1.3031 50.5136
-0.327306 50.9955 -1.32964 50.5455
-0.416268 51.039 -1.47067 50.589
-0.446348 51.0851 -1.15184 50.6351
-0.478685 51.1278 -1.24428 50.6778
-0.495406 51.1707 -1.06552 50.7207
-5.93889 51.2283 -78.0121 50.7783
-5.00273 51.2851 -1.16261 50.8351
-4.33238 51.3203 -0.738327 50.8703
-3.69925 51.361 -0.456898 50.911
-3.09725 51.4103 -0.647272 50.9603
-2.0961 51.4532 10.6035 51.0032
-2.19437 51.4965 -11.9288 51.0465
-1.73937 51.5514 -0.554336 51.1014
-1.35928 51.6029 -0.657272 51.1529
-1.0984 51.6371 -0.686934 51.1871
-0.841108 51.6734 -0.146792 51.2234
-0.631653 51.7098 -0.598392 51.2598
-0.449622 51.7464 -0.545631 51.2964
-0.270035 51.7937 -0.486898 51.3437
-0.12037 51.8484 -0.539643 51.3984
-0.0216272 51.904 -0.667902 51.454
0.0402129 51.9468 -0.227035 51.4968
3.63245 51.9845 135.798 51.5345
2.78959 52.061 -0.505564 51.611
1.34948 52.1773 -0.703315 51.7273
1.34948 52.1773 -0.703315 51.7273
1.34948 52.1773 -0.703315 51.7273
-2.8188 56.4527 -1.76959 56.0027
-3.74102 56.5161 -2.12386 56.0661
-4.55205 56.5733 -2.43086 56.1233
-3.08655 56.6163 -1.68503 56.1663
-2.85528 56.6569 -2.01356 56.2069
1.59771 56.7032 0.836223 56.2532
3.96259 56.7498 0.769759 56.2998
3.8797 56.7881 -0.26616 56.3381
2.84613 56.8308 -1.02334 56.3808
93.4586 56.8907 87.4439 56.4407
62.6007 56.9385 -2.75296 56.4885
62.6007 56.9385 -2.75296 56.4885
62.6007 56.9385 -2.75296 56.4885
62.6007 56.9385 -2.75296 56.4885
62.6007 56.9385 -2.75296 56.4885
-35.2858 60.6488 -1.19222 60.1988
-35.2858 60.6488 -1.19222 60.1988
-35.2858 60.6488 -1.19222 60.1988
-35.2858 60.6488 -1.19222 60.1988
-35.2858 60.6488 -1.19222 60.1988
-3.62401 67.1782 -1.97667 66.7282
-4.48399 67.2267 -2.18105 66.7767
-2.64047 67.2839 -1.52679 66.8339
-3.41086 67.3476 -2.11007 66.8976
-2.95645 67.3901 -1.76482 66.9401
-2.17124 67.4321 -1.43066 66.9821
-1.87667 67.4856 -1.50216 67.0356
-1.37703 67.5333 -1.22821 67.0833
-1.89018 67.5676 -1.89219 67.1176
-1.15324 67.6132 -0.847558 67.1632
-1.40503 67.6723 -1.53242 67.2223
-1.75676 67.7116 -1.72931 67.2616
-1.49854 67.7364 -1.09355 67.2864
-1.09458 67.7747 -0.730536 67.3247
-1.15242 67.8309 -1.2044 67.3809
-1.04611 67.8855 -0.928346 67.4355
-0.946241 67.9343 -0.841389 67.4843
-0.882067 67.9801 -0.803737 67.5301
-0.83272 68.0198 -0.753414 67.5698
-0.640514 68.0643 -0.362134 67.6143
-0.700186 68.1129 -0.761101 67.6629
-0.745878 68.1634 -0.695374 67.7134
-0.755361 68.2156 -0.56299 67.7656
-0.755361 68.2156 -0.56299 67.7656
-0.755361 68.2156 -0.56299 67.7656
-0.981531 68.3448 -0.818669 67.8948
-0.981531 68.3448 -0.818669 67.8948
-0.981531 68.3448 -0.818669 67.8948
-0.307806 74.0466 -1.73867 73.5966
0.0488016 74.1455 -1.37915 73.6955
-0.693228 74.2024 -1.63148 73.7524
-1.22781 74.2434 -1.7279 73.7934
-0.451001 74.2768 -0.979828 73.8268
-0.214325 74.3236 -1.13328 73.8736
-0.307778 74.3696 -1.16922 73.9196
-0.0501409 74.4065 -0.912727 73.9565
-0.154728 74.4464 -0.997528 73.9964
-0.312435 74.5048 -1.03988 74.0548
-0.847338 74.555 -1.4317 74.105
-0.581862 74.5928 -0.632297 74.1428
-0.555285 74.6321 -0.788967 74.1821
81.7722 74.6751 120.425 74.2251
61.7639 74.7201 -0.714626 74.2701
45.9275 74.7669 -0.68874 74.3169
28.0289 74.8971 -0.597037 74.4471
28.0289 74.8971 -0.597037 74.4471
28.0289 74.8971 -0.597037 74.4471
28.0289 74.8971 -0.597037 74.4471
-3.19957 76.5373 -2.00262 76.0873
-1.94118 76.5817 -1.57282 76.1317
-3.18904 76.6354 -2.45415 76.1854
-2.97188 76.6889 -2.12522 76.2389
-2.63087 76.7285 -2.01829 76.2785
-1.89716 76.7696 -1.66207 76.3196
-1.74426 76.8193 -1.92803 76.3693
82.4627 76.8907 63.2069 76.4407
82.4627 76.8907 63.2069 76.4407
82.4627 76.8907 63.2069 76.4407
-3.00894 78.9567 -1.18025 78.5067
-3.13856 79.0026 -1.05166 78.5526
-1.66353 79.0362 -0.530658 78.5862
-1.51834 79.0798 -0.844844 78.6298
-1.62086 79.126 -0.986493 78.676
-1.42951 79.1648 -0.886334 78.7148
-1.2413 79.207 -0.873118 78.757
-1.2719 79.2659 -1.02143 78.8159
-5.21753 79.3124 -4.06771 78.8624
-2.64118 79.3536 -0.0219684 78.9036
-2.54053 79.3994 -1.53307 78.9494
-1.41589 79.4388 -0.389533 78.9888
-1.64248 79.5132 -1.6563 79.0632
-2.29343 79.5882 -2.2322 79.1382
-1.9649 79.6375 -1.5013 79.1875
-1.84694 79.6915 -1.6289 79.2415
-1.81819 79.7445 -1.78135 79.2945
-1.76524 79.7944 -1.77432 79.3444
-1.84796 79.8419 -2.09192 79.3919
47.9805 79.8942 110.277 79.4442
37.4665 79.9397 -2.20503 79.4897
29.5388 79.9791 -1.51125 79.5291
29.5388 79.9791 -1.51125 79.5291
29.5388 79.9791 -1.51125 79.5291
16.3082 80.2783 -1.39415 79.8283
9.61958 80.3211 -1.8707 79.8711
9.61958 80.3211 -1.8707 79.8711
9.61958 80.3211 -1.8707 79.8711
3.92591 80.4798 -1.97914 80.0298
1.19102 80.521 -2.01618 80.071
-0.539601 80.5623 -1.55658 80.1123
-1.90829 80.6078 -2.22896 80.1578
-2.77115 80.6549 -1.30495 80.2049
-3.4528 80.7005 -1.73766 80.2505
-3.91014 80.7447 -1.44669 80.2947
-4.26725 80.7887 -1.7436 80.3387
-4.52243 80.8378 -1.70341 80.3878
-4.62199 80.8851 -1.17706 80.4351
-4.65069 80.9281 -1.26804 80.4781
-4.63313 80.9748 -1.39116 80.5248
-4.56038 81.0166 -1.40235 80.5666
-4.39174 81.0611 -0.650027 80.6111
-4.21072 81.1169 -1.38082 80.6669
-3.97985 81.1599 -0.910211 80.7099
-3.70729 81.2049 -0.731202 80.7549
-3.35197 81.2646 -0.801566 80.8146
-3.03735 81.3089 -0.984132 80.8589
-2.72943 81.3463 -0.681178 80.8963
-2.35467 81.3954 -0.815571 80.9454
-1.8858 81.4557 -0.66695 81.0057
-1.54705 81.4975 -1.40452 81.0475
-1.23167 81.5296 -0.387828 81.0796
-0.858641 81.5698 -0.242083 81.1198
-0.50199 81.609 -0.441624 81.159
-0.198971 81.645 -1.3478 81.195
0.243415 81.6957 -0.361777 81.2457
0.775789 81.7599 -0.673408 81.3099
1.16616 81.804 -0.0970345 81.354
1.49084 81.8427 -0.594062 81.3927
1.85206 81.8869 -0.408234 81.4369
2.1351 81.9226 -0.509964 81.4726
2.40916 81.9594 -0.732899 81.5094
2.85096 82.0211 -0.393134 81.5711
3.32667 82.0936 -0.348758 81.6436
3.57465 82.1402 -1.19753 81.6902
3.74617 82.1736 -0.398923 81.7236
3.96697 82.2212 -0.640785 81.7712
4.17414 82.2733 -0.688971 81.8233
4.34968 82.3292 -0.844942 81.8792
4.51034 82.3951 -0.726528 81.9451
4.51039 82.4417 -2.07261 81.9917
4.50723 82.476 -0.455324 82.026
4.49395 82.5238 -0.80821 82.0738
4.41543 82.5652 -1.05071 82.1152
4.41543 82.5652 -1.05071 82.1152
4.41543 82.5652 -1.05071 82.1152
4.41543 82.5652 -1.05071 82.1152
2.50244 83.1563 -5.78599 82.7063
2.50244 83.1563 -5.78599 82.7063
2.50244 83.1563 -5.78599 82.7063
2.50244 83.1563 -5.78599 82.7063
1.33918 83.3165 -1.81705 82.8665
0.828872 83.3649 -2.18239 82.9149
0.315389 83.4206 -2.16731 82.9706
-0.0962617 83.466 -1.94795 83.016
-0.507504 83.515 -2.31587 83.065
-0.866739 83.5633 -1.88904 83.1133
-1.18932 83.6097 -2.05837 83.1597
-1.49241 83.6607 -1.90732 83.2107
-1.74272 83.7057 -1.93756 83.2557
-1.90534 83.7373 -1.59167 83.2873
-2.08685 83.7777 -2.005 83.3277
-2.23565 83.8193 -1.61902 83.3693
-2.3874 83.8603 -2.81432 83.4103
-2.49132 83.9092 -1.63697 83.4592
-2.49132 83.9092 -1.63697 83.4592
-2.49132 83.9092 -1.63697 83.4592
-3.51649 84.0511 -35.1394 83.6011
-3.42323 84.0838 -1.45188 83.6338
-3.29254 84.1242 -1.32425 83.6742
-3.09893 84.1742 -1.61394 83.7242
-3.09893 84.1742 -1.61394 83.7242
-3.09893 84.1742 -1.61394 83.7242
-2.41785 84.3197 0.152293 83.8697
-2.10064 84.3592 -0.492246 83.9092
-1.77998 84.3963 -0.281313 83.9463
-1.37237 84.4449 -0.574971 83.9949
-0.9516 84.4906 -0.612145 84.0406
-0.039221 84.5977 -0.162221 84.1477
0.957998 84.7062 -0.824634 84.2562
1.44698 84.7469 -1.80538 84.2969
