-3.90073 0.45 -1.76482 0
-2.48198 0.491904 -1.43066 0.0419037
-2.02046 0.545496 -1.50216 0.0954957
-1.2537 0.593167 -1.22821 0.143167
-2.16311 0.62741 -1.89219 0.17741
-2.16311 0.62741 -1.89219 0.17741
-2.16022 0.732145 -1.53242 0.282145
-2.42198 0.771436 -1.72931 0.321436
-2.42198 0.771436 -1.72931 0.321436
-2.42198 0.771436 -1.72931 0.321436
-1.83775 0.890796 -1.2044 0.440796
-1.83775 0.890796 -1.2044 0.440796
-1.83775 0.890796 -1.2044 0.440796
-1.83775 0.890796 -1.2044 0.440796
-1.83775 0.890796 -1.2044 0.440796
-0.45537 1.12415 -0.362134 0.674154
-0.521528 1.1727 -0.761101 0.722703
-0.550143 1.22329 -0.695374 0.773285
-0.52937 1.27544 -0.56299 0.825439
-0.52937 1.27544 -0.56299 0.825439
-0.52937 1.27544 -0.56299 0.825439
-0.786631 1.4047 -0.818669 0.9547
-0.786631 1.4047 -0.818669 0.9547
-0.786631 1.4047 -0.818669 0.9547
0.909131 7.2053 -1.37915 6.7553
0.0546778 7.2622 -1.63148 6.8122
-0.553342 7.30326 -1.7279 6.85326
0.199353 7.3366 -0.979828 6.8866
0.341892 7.3835 -1.13328 6.9335
0.25805 7.42941 -1.16922 6.97941
0.25805 7.42941 -1.16922 6.97941
0.25805 7.42941 -1.16922 6.97941
