-1.99411 0.45 -1.57162 0
-1.68744 0.497718 -1.52188 0.0477176
-1.57432 0.555663 -1.52669 0.105663
-2.35326 0.607544 -2.07551 0.157544
-1.40962 0.644675 -1.00632 0.194674
-1.25738 0.684864 -1.34782 0.234864
-0.518632 0.727069 -0.715907 0.277069
-0.746353 0.767494 -1.38452 0.317494
-0.365599 0.807823 -0.748276 0.357823
-0.508478 0.861218 -1.15127 0.411218
-0.0649024 0.908256 -0.412162 0.458256
-0.0899703 0.937104 -0.792097 0.487104
-0.0899703 0.937104 -0.792097 0.487104
-0.0899703 0.937104 -0.792097 0.487104
-0.493776 1.25784 -0.599444 0.80784
-0.59973 1.29436 -0.565001 0.844358
-0.59973 1.29436 -0.565001 0.844358
-0.845807 1.36802 -0.81694 0.918021
-0.845807 1.36802 -0.81694 0.918021
-0.926737 1.45298 -0.53052 1.00298
-0.926737 1.45298 -0.53052 1.00298
-1.07774 1.55942 -0.61931 1.10942
-1.13635 1.59615 -0.647575 1.14615
-1.18067 1.6379 -0.58846 1.1879
-1.1347 1.68441 -0.372344 1.23441
-1.15291 1.73116 -0.56932 1.28116
-1.18973 1.77797 -0.563154 1.32797
-1.23828 1.82957 -0.531554 1.37957
-1.28008 1.87641 -0.539526 1.42641
-1.31721 1.90886 -0.642791 1.45886
-1.3392 1.94497 -0.521451 1.49497
-1.39953 1.99147 -0.707184 1.54147
-1.47794 2.04174 -0.864406 1.59174
-1.47794 2.04174 -0.864406 1.59174
-1.61181 2.14477 -0.888327 1.69477
-1.61181 2.14477 -0.888327 1.69477
-1.66048 2.21334 -0.720479 1.76334
-1.66048 2.21334 -0.720479 1.76334
-1.66048 2.21334 -0.720479 1.76334
-1.66048 2.21334 -0.720479 1.76334
-1.66048 2.21334 -0.720479 1.76334
-1.87739 2.43421 -1.18422 1.98421
-1.94832 2.48004 -1.71626 2.03004
-1.94811 2.52298 -1.1826 2.07298
-1.9554 2.56389 -1.31845 2.11389
-1.9869 2.60846 -1.68277 2.15846
-2.00395 2.65461 -1.63503 2.20461
-2.03999 2.6995 -2.084 2.2495
-2.03028 2.74698 -1.54298 2.29698
-2.03028 2.74698 -1.54298 2.29698
-2.03028 2.74698 -1.54298 2.29698
-1.6063 3.32037 -1.57194 2.87037
-1.6063 3.32037 -1.57194 2.87037
-1.38468 3.41241 -1.65577 2.96241
-1.38468 3.41241 -1.65577 2.96241
-1.36763 3.47977 -2.02174 3.02977
-1.26421 3.52303 -1.7356 3.07303
-1.2798 3.56397 -2.35303 3.11397
-1.18553 3.60823 -1.38367 3.15823
-1.15866 3.65976 -2.64817 3.20976
-1.07927 3.70605 -1.36307 3.25605
-1.03488 3.7505 -2.1836 3.3005
-0.98707 3.78243 -1.54225 3.33243
-0.862071 3.87087 -1.32908 3.42087
-0.737416 3.96596 -1.11885 3.51596
-0.681951 4.00915 -1.07102 3.55915
-0.637888 4.06112 -1.39247 3.61112
-0.641838 4.10442 -2.25039 3.65442
-0.641838 4.10442 -2.25039 3.65442
-0.641838 4.10442 -2.25039 3.65442
-0.641838 4.10442 -2.25039 3.65442
-0.641838 4.10442 -2.25039 3.65442
-0.512628 4.31736 -0.986225 3.86736
-0.497807 4.36703 -0.837658 3.91703
-0.493542 4.4106 -0.869693 3.9606
-0.482036 4.44461 -0.51493 3.99461
-0.482656 4.48333 -0.678888 4.03333
-0.481719 4.53126 -0.416846 4.08126
-0.493524 4.57462 -0.583483 4.12462
-0.517554 4.61486 -0.80437 4.16486
-0.544797 4.66492 -0.595855 4.21492
-0.577481 4.71565 -0.532569 4.26565
-0.611044 4.75718 -0.583277 4.30718
-0.636643 4.79246 -0.375534 4.34246
-0.679473 4.83373 -0.638492 4.38373
-0.73005 4.87754 -0.697606 4.42754
-0.781835 4.92615 -0.464045 4.47615
-0.833619 4.96988 -0.528117 4.51988
-0.889218 5.01677 -0.44734 4.56677
-0.944999 5.06116 -0.569255 4.61116
-0.97659 5.09585 -0.392092 4.64585
-0.97659 5.09585 -0.392092 4.64585
-1.08556 5.17408 -0.648052 4.72408
-1.15139 5.21863 -0.638059 4.76863
-1.22339 5.26758 -0.758625 4.81758
-1.22339 5.26758 -0.758625 4.81758
-1.22339 5.26758 -0.758625 4.81758
-1.50429 7.16664 -1.65051 6.71664
-0.718584 7.21902 -1.35864 6.76902
-1.89145 7.25878 -2.10731 6.80878
-0.635767 7.29742 -0.987406 6.84742
-0.656445 7.35007 -1.43382 6.90007
-0.794451 7.39533 -1.47448 6.94533
-0.794451 7.39533 -1.47448 6.94533
-0.794451 7.39533 -1.47448 6.94533
-0.73516 7.54843 -1.21987 7.09843
-0.73516 7.54843 -1.21987 7.09843
-0.73516 7.54843 -1.21987 7.09843
-0.73516 7.54843 -1.21987 7.09843
-0.73516 7.54843 -1.21987 7.09843
0.0507092 7.77468 -0.48307 7.32468
0.0507092 7.77468 -0.48307 7.32468
0.0507092 7.77468 -0.48307 7.32468
-0.399354 8.10049 -0.546958 7.65049
-0.484168 8.14914 -0.478446 7.69914
-0.640906 8.18415 -0.715174 7.73415
-0.614208 8.2219 -0.322327 7.7719
-0.659628 8.2718 -0.431475 7.8218
-0.765323 8.313 -0.671109 7.863
-0.819556 8.35127 -0.532028 7.90127
-0.891872 8.40271 -0.552507 7.95271
-0.95689 8.45893 -0.506972 8.00893
-1.03049 8.50582 -0.612687 8.05582
-1.05751 8.54589 -0.451121 8.09589
-1.09375 8.58478 -0.504365 8.13478
-1.15173 8.63413 -0.565363 8.18413
-1.22738 8.68335 -0.703575 8.23335
-1.3413 8.73208 -1.00666 8.28208
-1.45187 8.7903 -1.03159 8.3403
-1.54509 8.83868 -1.12376 8.38868
-1.6079 8.87942 -1.08823 8.42942
-1.6696 8.92065 -1.17356 8.47065
-1.70633 8.95649 -1.10718 8.50649
-1.7464 9.00562 -1.11286 8.55562
-1.7464 9.00562 -1.11286 8.55562
-1.83838 9.11645 -1.36041 8.66645
-1.83838 9.11645 -1.36041 8.66645
-1.84491 9.18796 -1.06048 8.73796
-1.84491 9.18796 -1.06048 8.73796
-1.86756 9.35951 -1.25997 8.90951
-1.86756 9.35951 -1.25997 8.90951
-1.86756 9.35951 -1.25997 8.90951
-1.86756 9.35951 -1.25997 8.90951
-1.82602 9.53321 -1.44627 9.08321
-1.82602 9.53321 -1.44627 9.08321
-1.82602 9.53321 -1.44627 9.08321
-1.82602 9.53321 -1.44627 9.08321
-1.82602 9.53321 -1.44627 9.08321
-1.66925 9.77904 -1.76689 9.32904
-1.62475 9.82256 -1.73741 9.37256
-1.5686 9.87179 -1.64926 9.42179
-1.51693 9.9211 -1.84029 9.4711
-1.5364 9.97622 -2.34644 9.52622
-1.623 10.029 -2.40703 9.57897
-1.5746 10.0654 -1.71194 9.61543
-1.54209 10.0958 -1.89291 9.64581
-1.4956 10.1453 -2.21979 9.69531
-1.42807 10.1993 -1.83328 9.74932
-1.37611 10.2396 -1.80836 9.78963
-1.32292 10.2827 -1.86518 9.83271
-1.32292 10.2827 -1.86518 9.83271
-1.32292 10.2827 -1.86518 9.83271
-0.843527 10.6711 -1.43533 10.2211
-0.794173 10.7169 -1.31696 10.2669
-0.750822 10.7526 -1.14707 10.3026
-0.685953 10.801 -1.06579 10.351
-0.615652 10.8495 -0.840159 10.3995
-0.578962 10.8945 -0.917316 10.4445
-0.554369 10.9379 -0.911231 10.4879
-0.53568 10.9942 -0.909054 10.5442
-0.540505 11.0422 -1.2045 10.5922
-0.532155 11.0723 -0.760522 10.6223
-0.518915 11.1092 -0.451617 10.6592
-0.520261 11.1511 -0.666464 10.7011
-0.528467 11.2008 -0.64586 10.7508
-0.545797 11.2483 -0.76839 10.7983
-0.561829 11.286 -0.640426 10.836
-0.589388 11.338 -0.654124 10.888
-0.619381 11.3861 -0.563188 10.9361
-0.640096 11.4194 -0.440636 10.9694
-0.672008 11.4593 -0.537129 11.0093
-0.7006 11.4999 -0.330169 11.0499
-0.742045 11.5479 -0.39916 11.0979
-0.806554 11.6085 -0.52521 11.1585
-0.886171 11.6607 -0.80133 11.2107
-0.925079 11.7003 -0.448741 11.2503
-0.96821 11.7405 -0.459647 11.2905
-0.96821 11.7405 -0.459647 11.2905
-1.08296 11.8353 -0.52552 11.3853
-1.16168 11.8882 -0.629328 11.4382
-1.22513 11.9392 -0.635535 11.4892
-1.22513 11.9392 -0.635535 11.4892
-1.33158 12.0235 -0.644585 11.5735
-1.37069 12.0649 -0.725132 11.6149
-1.36941 12.113 -0.283655 11.663
-1.36941 12.113 -0.283655 11.663
-1.36941 12.113 -0.283655 11.663
-1.36941 12.113 -0.283655 11.663
-1.36941 12.113 -0.283655 11.663
-1.36941 12.113 -0.283655 11.663
-1.82297 12.5043 -1.35293 12.0543
-1.89667 12.5643 -1.60841 12.1143
-1.93975 12.6123 -2.06549 12.1623
-1.92378 12.6424 -1.10459 12.1924
-1.90938 12.6817 -1.03796 12.2317
-1.96044 12.7189 -2.43055 12.2689
-1.95105 12.7533 -1.67394 12.3033
-1.94733 12.8048 -1.34858 12.3548
-1.94733 12.8048 -1.34858 12.3548
-1.94733 12.8048 -1.34858 12.3548
-1.94733 12.8048 -1.34858 12.3548
-1.94733 12.8048 -1.34858 12.3548
-1.94733 12.8048 -1.34858 12.3548
0.290873 15.2314 -0.680211 14.7814
0.237855 15.2823 -0.526302 14.8323
0.237855 15.2823 -0.526302 14.8323
0.237855 15.2823 -0.526302 14.8323
-1.42508 15.4273 -0.954449 14.9773
-1.2969 15.4639 -0.763393 15.0139
-1.78752 15.5064 -1.11727 15.0564
-1.41878 15.5487 -0.704249 15.0987
-1.88335 15.5924 -1.27658 15.1424
-1.67243 15.64 -0.907316 15.19
-2.00495 15.697 -1.35124 15.247
-2.96912 15.7466 -2.22436 15.2966
-2.53457 15.7861 -1.09378 15.3361
-2.28905 15.8327 -1.3026 15.3827
-2.25218 15.8795 -1.49201 15.4295
-2.10985 15.9239 -1.37344 15.4739
-2.00218 15.9622 -1.41105 15.5122
-2.00021 16.0049 -1.60533 15.5549
-2.43303 16.0597 -2.3451 15.6097
-2.43303 16.0597 -2.3451 15.6097
-2.20945 16.1289 -1.66481 15.6789
-2.06841 16.1771 -1.6307 15.7271
-2.05575 16.227 -1.91784 15.777
-2.07403 16.2746 -2.05891 15.8246
-1.95519 16.3352 -1.77663 15.8852
-1.95519 16.3352 -1.77663 15.8852
-1.76353 16.4115 -1.60239 15.9615
-1.76353 16.4115 -1.60239 15.9615
-1.76353 16.4115 -1.60239 15.9615
-1.76353 16.4115 -1.60239 15.9615
-1.76353 16.4115 -1.60239 15.9615
-2.64771 29.4545 -2.14408 29.0045
-0.625663 29.516 -1.23457 29.066
-1.95981 29.5723 -2.08749 29.1223
-2.26447 29.6201 -1.98702 29.1701
-2.25965 29.6663 -1.93917 29.2163
-2.31617 29.7277 -2.0283 29.2777
-2.31617 29.7277 -2.0283 29.2777
-1.29435 29.8209 -1.42681 29.3709
-1.29435 29.8209 -1.42681 29.3709
-1.81804 29.9269 -2.18085 29.4769
-1.84795 29.9796 -2.01343 29.5296
-1.86828 30.0368 -2.04524 29.5868
-1.86828 30.0368 -2.04524 29.5868
-1.57976 30.1209 -1.74011 29.6709
-1.6051 30.1642 -1.96333 29.7142
-1.73976 30.2085 -2.19044 29.7585
-1.73976 30.2085 -2.19044 29.7585
-1.73976 30.2085 -2.19044 29.7585
-0.892224 30.4447 -0.977545 29.9947
-0.896016 30.4943 -1.52349 30.0443
-0.900094 30.5471 -1.51446 30.0971
-0.900094 30.5471 -1.51446 30.0971
-0.900094 30.5471 -1.51446 30.0971
-1.69682 32.0726 -0.549127 31.6226
-3.26778 32.1277 -1.26063 31.6777
-2.12802 32.1886 -0.805953 31.7386
-3.79717 32.2375 -1.79058 31.7875
-3.01077 32.256 -1.05608 31.806
-2.15187 32.2834 -0.771269 31.8334
-1.16981 32.3401 -0.60343 31.8901
-1.16981 32.3401 -0.60343 31.8901
-1.16981 32.3401 -0.60343 31.8901
-0.695798 32.6027 -0.958901 32.1527
-0.695798 32.6027 -0.958901 32.1527
-0.695798 32.6027 -0.958901 32.1527
-0.695798 32.6027 -0.958901 32.1527
-0.695798 32.6027 -0.958901 32.1527
-0.695798 32.6027 -0.958901 32.1527
-0.695798 32.6027 -0.958901 32.1527
-1.77991 33.0395 -1.99133 32.5895
-1.7729 33.0857 -1.831 32.6357
-1.91914 33.133 -2.18656 32.683
-1.91914 33.133 -2.18656 32.683
