-3.62295 0.45 -2.48652 0
-1.95596 0.500099 -1.19222 0.0500994
-1.95596 0.500099 -1.19222 0.0500994
-1.95596 0.500099 -1.19222 0.0500994
-1.95596 0.500099 -1.19222 0.0500994
-1.95596 0.500099 -1.19222 0.0500994
0.740697 7.078 -2.18105 6.628
1.57449 7.13515 -1.52679 6.68515
-0.211718 7.19885 -2.11007 6.74885
-0.261371 7.24143 -1.76482 6.79143
0.233516 7.28334 -1.43066 6.83334
0.197955 7.33693 -1.50216 6.88693
0.197955 7.33693 -1.50216 6.88693
-0.619528 7.41884 -1.89219 6.96884
-0.619528 7.41884 -1.89219 6.96884
-0.720669 7.52358 -1.53242 7.07358
-1.04932 7.56287 -1.72931 7.11287
-1.04932 7.56287 -1.72931 7.11287
-1.04932 7.56287 -1.72931 7.11287
-1.04932 7.56287 -1.72931 7.11287
-1.04932 7.56287 -1.72931 7.11287
-0.302774 7.78557 -0.841389 7.33557
-0.152437 7.83138 -0.803737 7.38138
-0.0833763 7.87106 -0.753414 7.42106
0.143061 7.91559 -0.362134 7.46559
0.0580834 7.96414 -0.761101 7.51414
-0.107439 8.01472 -0.695374 7.56472
-0.163075 8.06687 -0.56299 7.61687
-0.163075 8.06687 -0.56299 7.61687
-0.163075 8.06687 -0.56299 7.61687
-0.410826 8.19613 -0.818669 7.74613
-0.410826 8.19613 -0.818669 7.74613
-0.410826 8.19613 -0.818669 7.74613
0.909131 13.9967 -1.37915 13.5467
0.0546778 14.0536 -1.63148 13.6036
-0.553342 14.0947 -1.7279 13.6447
0.199353 14.128 -0.979828 13.678
0.341892 14.1749 -1.13328 13.7249
0.25805 14.2208 -1.16922 13.7708
0.25805 14.2208 -1.16922 13.7708
0.25805 14.2208 -1.16922 13.7708
0.25805 14.2208 -1.16922 13.7708
-0.747472 14.4063 -1.4317 13.9563
-0.747472 14.4063 -1.4317 13.9563
-0.747472 14.4063 -1.4317 13.9563
-0.747472 14.4063 -1.4317 13.9563
-0.747472 14.4063 -1.4317 13.9563
-0.490739 14.6182 -0.68874 14.1682
-0.490739 14.6182 -0.68874 14.1682
-0.490739 14.6182 -0.68874 14.1682
-0.490739 14.6182 -0.68874 14.1682
-0.490739 14.6182 -0.68874 14.1682
-3.19957 16.3886 -2.00262 15.9386
-1.94118 16.433 -1.57282 15.983
-3.18904 16.4867 -2.45415 16.0367
-2.97188 16.5402 -2.12522 16.0902
-2.63087 16.5798 -2.01829 16.1298
-1.89716 16.6209 -1.66207 16.1709
-1.74426 16.6705 -1.92803 16.2205
-1.74426 16.6705 -1.92803 16.2205
-1.74426 16.6705 -1.92803 16.2205
-1.74426 16.6705 -1.92803 16.2205
-3.00894 18.8079 -1.18025 18.3579
-3.13856 18.8539 -1.05166 18.4039
-1.66353 18.8874 -0.530658 18.4374
-1.51834 18.9311 -0.844844 18.4811
-1.62086 18.9773 -0.986493 18.5273
-1.42951 19.0161 -0.886334 18.5661
-1.2413 19.0583 -0.873118 18.6083
-1.2719 19.1171 -1.02143 18.6671
-1.2719 19.1171 -1.02143 18.6671
-1.2719 19.1171 -1.02143 18.6671
-1.2719 19.1171 -1.02143 18.6671
-0.0764751 19.2901 -0.389533 18.8401
-0.0764751 19.2901 -0.389533 18.8401
-0.0764751 19.2901 -0.389533 18.8401
-0.0764751 19.2901 -0.389533 18.8401
-0.0764751 19.2901 -0.389533 18.8401
-1.60394 19.5958 -1.78135 19.1458
-1.85604 19.6457 -1.77432 19.1957
-2.1197 19.6932 -2.09192 19.2432
-2.1197 19.6932 -2.09192 19.2432
-2.26971 19.791 -2.20503 19.341
-2.01858 19.8303 -1.51125 19.3803
-2.01858 19.8303 -1.51125 19.3803
-2.01858 19.8303 -1.51125 19.3803
-1.34918 20.1296 -1.39415 19.6796
-1.34895 20.1724 -1.8707 19.7224
-1.34895 20.1724 -1.8707 19.7224
-1.34895 20.1724 -1.8707 19.7224
-1.3341 20.331 -1.97914 19.881
-1.37035 20.3722 -2.01618 19.9222
-1.25183 20.4136 -1.55658 19.9636
-1.30605 20.4591 -2.22896 20.0091
-1.15645 20.5062 -1.30495 20.0562
-1.11181 20.5517 -1.73766 20.1017
-1.01892 20.596 -1.44669 20.146
-1.00092 20.6399 -1.7436 20.1899
-0.964603 20.6891 -1.70341 20.2391
-0.871604 20.7364 -1.17706 20.2864
-0.799416 20.7794 -1.26804 20.3294
-0.764504 20.8261 -1.39116 20.3761
-0.737576 20.8679 -1.40235 20.4179
-0.630825 20.9124 -0.650027 20.4624
-0.618714 20.9682 -1.38082 20.5182
-0.618714 20.9682 -1.38082 20.5182
-0.618714 20.9682 -1.38082 20.5182
-0.618714 20.9682 -1.38082 20.5182
-0.5259 21.1602 -0.984132 20.7102
-0.5259 21.1602 -0.984132 20.7102
-0.5259 21.1602 -0.984132 20.7102
-0.5259 21.1602 -0.984132 20.7102
-0.54723 21.3488 -1.40452 20.8988
-0.54723 21.3488 -1.40452 20.8988
-0.54723 21.3488 -1.40452 20.8988
-0.54723 21.3488 -1.40452 20.8988
-0.615906 21.4963 -1.3478 21.0463
-0.615906 21.4963 -1.3478 21.0463
-0.615906 21.4963 -1.3478 21.0463
-0.615906 21.4963 -1.3478 21.0463
-0.615906 21.4963 -1.3478 21.0463
-0.746285 21.7382 -0.408234 21.2882
-0.773728 21.7739 -0.509964 21.3239
-0.812056 21.8107 -0.732899 21.3607
-0.86515 21.8724 -0.393134 21.4224
-0.933578 21.9449 -0.348758 21.4949
-1.00569 21.9915 -1.19753 21.5415
-1.03545 22.0249 -0.398923 21.5749
-1.09043 22.0725 -0.640785 21.6225
-1.1525 22.1246 -0.688971 21.6746
-1.22441 22.1805 -0.844942 21.7305
-1.30079 22.2464 -0.726528 21.7964
-1.59818 22.293 -2.07261 21.843
-1.52234 22.3273 -0.455324 21.8773
-1.53232 22.3751 -0.80821 21.9251
-1.57849 22.4165 -1.05071 21.9665
-1.57849 22.4165 -1.05071 21.9665
-1.57849 22.4165 -1.05071 21.9665
-1.57849 22.4165 -1.05071 21.9665
-1.57849 22.4165 -1.05071 21.9665
-1.57849 22.4165 -1.05071 21.9665
-1.57849 22.4165 -1.05071 21.9665
-1.57849 22.4165 -1.05071 21.9665
-1.82001 23.1678 -1.81705 22.7178
-1.79762 23.2162 -2.18239 22.7662
-1.76155 23.2719 -2.16731 22.8219
-1.72288 23.3173 -1.94795 22.8673
-1.69166 23.3663 -2.31587 22.9163
-1.63694 23.4145 -1.88904 22.9645
-1.59265 23.461 -2.05837 23.011
-1.53168 23.5119 -1.90732 23.0619
-1.4793 23.557 -1.93756 23.107
-1.41064 23.5886 -1.59167 23.1386
-1.37664 23.629 -2.005 23.179
-1.29791 23.6706 -1.61902 23.2206
-1.29791 23.6706 -1.61902 23.2206
-1.16703 23.7605 -1.63697 23.3105
-1.16703 23.7605 -1.63697 23.3105
-1.16703 23.7605 -1.63697 23.3105
-1.16703 23.7605 -1.63697 23.3105
-0.935744 23.9351 -1.45188 23.4851
-0.870651 23.9755 -1.32425 23.5255
-0.845556 24.0255 -1.61394 23.5755
-0.845556 24.0255 -1.61394 23.5755
-0.845556 24.0255 -1.61394 23.5755
-0.601486 24.171 0.152293 23.721
-0.562989 24.2104 -0.492246 23.7604
-0.526586 24.2476 -0.281313 23.7976
-0.507808 24.2962 -0.574971 23.8462
-0.500265 24.3419 -0.612145 23.8919
-0.500265 24.3419 -0.612145 23.8919
-0.500265 24.3419 -0.612145 23.8919
-0.631753 24.5982 -1.80538 24.1482
-0.631753 24.5982 -1.80538 24.1482
-0.631753 24.5982 -1.80538 24.1482
-0.750706 24.7342 -0.757876 24.2842
-0.804129 24.7866 -0.541842 24.3366
-0.860173 24.8316 -0.721333 24.3816
-0.89929 24.8672 -0.443659 24.4172
-0.943935 24.9054 -0.45519 24.4554
-1.0142 24.9557 -0.676446 24.5057
-1.0142 24.9557 -0.676446 24.5057
-1.0142 24.9557 -0.676446 24.5057
-1.0142 24.9557 -0.676446 24.5057
-1.0142 24.9557 -0.676446 24.5057
-1.0142 24.9557 -0.676446 24.5057
-1.0142 24.9557 -0.676446 24.5057
-1.0142 24.9557 -0.676446 24.5057
-1.48193 25.3139 -0.668078 24.8639
-1.55754 25.3838 -0.694415 24.9338
-1.62502 25.4424 -0.892316 24.9924
-1.65111 25.4774 -0.836745 25.0274
-1.6476 25.5149 -0.527892 25.0649
-1.66711 25.5651 -0.812144 25.1151
-1.70525 25.6137 -1.00453 25.1637
-1.74076 25.6588 -1.06805 25.2088
-1.76537 25.7164 -0.923932 25.2664
-1.84045 25.7666 -1.95744 25.3166
-1.82036 25.7979 -0.656927 25.3479
-1.81843 25.8359 -0.865721 25.3859
-1.82511 25.8791 -1.07069 25.4291
-1.81293 25.93 -0.651752 25.48
-1.81293 25.93 -0.651752 25.48
-1.81123 26.0405 -0.728081 25.5905
-1.81123 26.0405 -0.728081 25.5905
-1.81123 26.0405 -0.728081 25.5905
-1.79437 26.1517 -1.15311 25.7017
-1.79437 26.1517 -1.15311 25.7017
-1.79437 26.1517 -1.15311 25.7017
-1.79437 26.1517 -1.15311 25.7017
-1.79437 26.1517 -1.15311 25.7017
-1.78746 26.3995 -2.53205 25.9495
-1.78471 26.4333 -1.51496 25.9833
-1.76015 26.4745 -1.85822 26.0245
-1.73004 26.5306 -2.17852 26.0806
-1.68722 26.5825 -1.90671 26.1325
-1.6159 26.6611 -1.8582 26.2111
-1.6159 26.6611 -1.8582 26.2111
-1.6159 26.6611 -1.8582 26.2111
-1.43601 26.8036 -1.46168 26.3536
-1.39232 26.8578 -2.04975 26.4078
-1.38564 26.9171 -2.40649 26.4671
-1.34655 26.9657 -2.06695 26.5157
-1.28454 27.0145 -2.11612 26.5645
-1.22743 27.0596 -2.15416 26.6096
-1.22743 27.0596 -2.15416 26.6096
-1.22743 27.0596 -2.15416 26.6096
-2.98435 30.4164 -2.44432 29.9664
-2.16589 30.4607 -1.73593 30.0107
-2.16589 30.4607 -1.73593 30.0107
-2.16589 30.4607 -1.73593 30.0107
-1.98829 30.598 -2.09496 30.148
-1.41857 30.6306 -1.08908 30.1806
-1.2563 30.6779 -1.49374 30.2279
-0.995179 30.7313 -1.09395 30.2813
-1.06752 30.7743 -1.77596 30.3243
-0.991043 30.8294 -1.36977 30.3794
-0.994338 30.8842 -1.52007 30.4342
-0.882731 30.9141 -1.05162 30.4641
-0.779665 30.9462 -0.955888 30.4962
-0.670808 30.9996 -0.834631 30.5496
-0.63532 31.0606 -0.974056 30.6106
-0.519877 31.1104 -0.503906 30.6604
-0.496002 31.1596 -0.724236 30.7096
-0.525311 31.2077 -0.871726 30.7577
-0.524681 31.2464 -0.67489 30.7964
-0.491789 31.2902 -0.583764 30.8402
-0.557906 31.3395 -0.678081 30.8895
-0.655521 31.3875 -1.04935 30.9375
-0.669705 31.4426 -0.427503 30.9926
-0.68686 31.4924 -0.362874 31.0424
-0.729478 31.5345 -0.538456 31.0845
-0.77265 31.5727 -0.540236 31.1227
-0.799894 31.6177 -0.473575 31.1677
-0.868083 31.6693 -0.524303 31.2193
-0.903533 31.7196 -0.477348 31.2696
-0.990102 31.7692 -0.565313 31.3192
-0.990102 31.7692 -0.565313 31.3192
-0.990102 31.7692 -0.565313 31.3192
-1.03087 31.891 -0.387936 31.441
-1.12113 31.9361 -0.616654 31.4861
-1.12113 31.9361 -0.616654 31.4861
-1.12113 31.9361 -0.616654 31.4861
-1.30335 32.078 -0.650739 31.628
-1.30204 32.1241 -0.561263 31.6741
-1.35266 32.1543 -0.76335 31.7043
-1.43138 32.1939 -0.845869 31.7439
-1.49319 32.2497 -0.795521 31.7997
-1.55193 32.3034 -0.735352 31.8534
-1.62177 32.3516 -1.06337 31.9016
-1.6883 32.4046 -1.03943 31.9546
-1.6883 32.4046 -1.03943 31.9546
-1.77474 32.4953 -0.85882 32.0453
-1.82339 32.5404 -1.2611 32.0904
-1.91298 32.612 -1.7251 32.162
-1.9591 32.6908 -1.32024 32.2408
-1.9591 32.6908 -1.32024 32.2408
-1.9591 32.6908 -1.32024 32.2408
-1.9591 32.6908 -1.32024 32.2408
-1.9591 32.6908 -1.32024 32.2408
-1.74615 33.4303 -2.64658 32.9803
-1.66336 33.4611 -1.39886 33.0111
-1.61131 33.5023 -2.02905 33.0523
-1.5238 33.5494 -1.63743 33.0994
-1.49759 33.5949 -2.59764 33.1449
-1.42367 33.6389 -1.71814 33.1889
-1.34415 33.7033 -2.28729 33.2533
-1.34415 33.7033 -2.28729 33.2533
-1.18949 33.7875 -1.31875 33.3375
-1.09997 33.8334 -1.60036 33.3834
-1.05602 33.8737 -1.79693 33.4237
-1.00032 33.9147 -1.67265 33.4647
-0.915085 33.9716 -1.52412 33.5216
-0.859005 34.0285 -1.63167 33.5785
-0.815995 34.0703 -1.81229 33.6203
-0.763584 34.1071 -1.1209 33.6571
-0.763584 34.1071 -1.1209 33.6571
-0.660285 34.2032 -1.3079 33.7532
-0.617736 34.2472 -1.16283 33.7972
-0.617736 34.2472 -1.16283 33.7972
-0.542071 34.348 -1.15464 33.898
-0.542071 34.348 -1.15464 33.898
-0.542071 34.348 -1.15464 33.898
-0.542071 34.348 -1.15464 33.898
-0.542071 34.348 -1.15464 33.898
-0.464924 34.5831 -0.906821 34.1331
-0.461659 34.6256 -0.570866 34.1756
-0.471281 34.6782 -0.676071 34.2282
-0.496637 34.7153 -1.06226 34.2653
-0.502461 34.7564 -0.293265 34.3064
-0.533374 34.8139 -0.582054 34.3639
-0.571214 34.8729 -0.472257 34.4229
-0.61239 34.9195 -0.632898 34.4695
-0.652223 34.9625 -0.536736 34.5125
-0.690216 34.9989 -0.568918 34.5489
-0.713262 35.0324 -0.392742 34.5824
-0.786711 35.0835 -0.372869 34.6335
-0.85908 35.1408 -0.613749 34.6908
-0.919403 35.1913 -0.55481 34.7413
-0.919403 35.1913 -0.55481 34.7413
-0.919403 35.1913 -0.55481 34.7413
-1.09038 35.3314 -0.368925 34.8814
-1.18443 35.3757 -0.406216 34.9257
-1.18443 35.3757 -0.406216 34.9257
-1.18443 35.3757 -0.406216 34.9257
-1.44387 35.5434 -1.02482 35.0934
-1.54455 35.5982 -1.24122 35.1482
-1.5841 35.6332 -0.758579 35.1832
-1.62034 35.665 -1.07796 35.215
-1.63818 35.7021 -0.820046 35.2521
-1.63818 35.7021 -0.820046 35.2521
-1.63818 35.7021 -0.820046 35.2521
-1.63818 35.7021 -0.820046 35.2521
-1.63818 35.7021 -0.820046 35.2521
-1.09426 37.7795 -0.745969 37.3295
0.907877 37.8391 0.0161885 37.3891
1.05991 37.882 -0.204946 37.432
-0.188127 37.9447 -0.81978 37.4947
-0.482486 38.0167 -0.433399 37.5667
-0.482486 38.0167 -0.433399 37.5667
-0.482486 38.0167 -0.433399 37.5667
-0.482486 38.0167 -0.433399 37.5667
-0.482486 38.0167 -0.433399 37.5667
-0.0930476 38.3046 0.18825 37.8546
-0.0930476 38.3046 0.18825 37.8546
-0.0930476 38.3046 0.18825 37.8546
-0.0930476 38.3046 0.18825 37.8546
-1.25779 38.5447 -0.565661 38.0947
-1.25779 38.5447 -0.565661 38.0947
-1.25779 38.5447 -0.565661 38.0947
-1.72186 38.7318 -0.710922 38.2818
-1.74421 38.778 -0.62951 38.328
-1.78814 38.8357 -0.648976 38.3857
-1.90112 38.9009 -0.847351 38.4509
-2.00569 38.9666 -0.940675 38.5166
-2.14829 39.0263 -1.33358 38.5763
-2.18634 39.0821 -1.01426 38.6321
-2.1684 39.1287 -0.999956 38.6787
-2.21275 39.189 -1.26039 38.739
-2.23101 39.2542 -1.27416 38.8042
-2.26997 39.3199 -1.51064 38.8699
-2.30695 39.3778 -1.68584 38.9278
-2.10906 39.4281 -1.23391 38.9781
-2.11748 39.4837 -1.84679 39.0337
-2.03586 39.5399 -1.34518 39.0899
-2.03586 39.5399 -1.34518 39.0899
-2.03586 39.5399 -1.34518 39.0899
-1.89585 39.7141 -1.65698 39.2641
-1.81382 39.7661 -1.63781 39.3161
-1.81382 39.7661 -1.63781 39.3161
-1.81382 39.7661 -1.63781 39.3161
-1.81382 39.7661 -1.63781 39.3161
-1.5047 40.0062 -1.8048 39.5562
-1.5047 40.0062 -1.8048 39.5562
-1.5047 40.0062 -1.8048 39.5562
-1.5047 40.0062 -1.8048 39.5562
-1.5047 40.0062 -1.8048 39.5562
-0.489801 40.6821 -1.22167 40.2321
-0.489801 40.6821 -1.22167 40.2321
-0.489801 40.6821 -1.22167 40.2321
-0.384976 40.8606 -1.14919 40.4106
-0.437211 40.9255 -1.32427 40.4755
-0.402928 40.9734 -0.926513 40.5234
-0.38288 41.0208 -0.931322 40.5708
-0.366146 41.0749 -0.891737 40.6249
-0.366656 41.131 -1.01078 40.681
-0.360982 41.1993 -0.835648 40.7493
-0.37299 41.2578 -0.854101 40.8078
-0.382142 41.2987 -0.673903 40.8487
-0.395848 41.3607 -0.51349 40.9107
-0.444745 41.4264 -0.817975 40.9764
-0.486115 41.4926 -0.501043 41.0426
-0.550958 41.5463 -0.864883 41.0963
-0.590611 41.5941 -0.443708 41.1441
-0.642963 41.6486 -0.456246 41.1986
-0.708699 41.7107 -0.439155 41.2607
-0.807643 41.7925 -0.504118 41.3425
-0.890641 41.8449 -0.842308 41.3949
-0.934141 41.8832 -0.354927 41.4332
-1.0179 41.9465 -0.488241 41.4965
-1.09829 42.0043 -0.565523 41.5543
-1.1569 42.049 -0.484389 41.599
-1.1569 42.049 -0.484389 41.599
-1.1569 42.049 -0.484389 41.599
-1.42073 42.2403 -0.662845 41.7903
-1.42073 42.2403 -0.662845 41.7903
-1.42073 42.2403 -0.662845 41.7903
-1.42073 42.2403 -0.662845 41.7903
-1.42073 42.2403 -0.662845 41.7903
-1.394 48.1523 -0.927813 47.7023
-0.870754 48.1961 -0.247371 47.7461
-0.870754 48.1961 -0.247371 47.7461
-0.870754 48.1961 -0.247371 47.7461
-1.90185 50.6489 -1.89636 50.1989
-1.50871 50.7011 -1.56373 50.2511
-0.347298 50.7483 -1.00054 50.2983
-0.646983 50.808 -1.45736 50.358
-0.494647 50.8762 -1.16025 50.4262
-0.571472 50.9479 -1.17593 50.4979
-0.707746 51.0048 -1.13231 50.5548
-0.707746 51.0048 -1.13231 50.5548
-1.03439 51.1152 -1.25798 50.6652
-1.03439 51.1152 -1.25798 50.6652
-1.03439 51.1152 -1.25798 50.6652
-1.14864 51.3152 -0.989286 50.8652
-1.14864 51.3152 -0.989286 50.8652
-1.14864 51.3152 -0.989286 50.8652
-1.14864 51.3152 -0.989286 50.8652
-1.14864 51.3152 -0.989286 50.8652
-1.14864 51.3152 -0.989286 50.8652
-1.14864 51.3152 -0.989286 50.8652
-1.14864 51.3152 -0.989286 50.8652
-1.14864 51.3152 -0.989286 50.8652
-1.89141 59.1883 -1.40888 58.7383
-1.01964 59.2367 -0.785562 58.7867
-1.85503 59.3065 -1.77395 58.8565
-2.01013 59.3625 -1.61089 58.9125
-1.95911 59.4194 -1.53857 58.9694
-2.26403 59.4801 -2.00964 59.0301
-1.78672 59.5357 -1.3081 59.0857
-2.00009 59.5934 -1.98316 59.1434
-1.91802 59.6509 -1.77271 59.2009
-1.75677 59.7064 -1.75203 59.2564
-1.79981 59.7734 -1.94683 59.3234
-1.79981 59.7734 -1.94683 59.3234
-1.44856 59.8696 -1.60736 59.4196
-1.39725 59.9281 -1.85328 59.4781
-1.50023 59.9899 -2.04504 59.5399
-1.50023 59.9899 -2.04504 59.5399
-1.50023 59.9899 -2.04504 59.5399
-4.95364 62.4216 -2.29632 61.9716
-2.50355 62.4728 -0.863069 62.0228
-2.50355 62.4728 -0.863069 62.0228
-2.50355 62.4728 -0.863069 62.0228
-1.48131 62.7939 -1.51787 62.3439
-1.69563 62.8639 -1.86804 62.4139
-1.71082 62.9264 -1.87337 62.4764
-1.71082 62.9264 -1.87337 62.4764
