-6.39157 0.45 -2.69758 0
-1.61261 0.496148 -0.334872 0.0461483
-2.87264 0.549154 -1.99045 0.0991538
-2.97589 0.5956 -1.80209 0.1456
-2.11237 0.617873 -1.23811 0.167873
-2.089 0.687336 -1.67521 0.237336
-2.089 0.687336 -1.67521 0.237336
-1.89762 0.811244 -1.6872 0.361244
-1.46291 0.866834 -1.42367 0.416834
-1.46291 0.866834 -1.42367 0.416834
-1.46291 0.866834 -1.42367 0.416834
-1.46291 0.866834 -1.42367 0.416834
-1.46291 0.866834 -1.42367 0.416834
-1.2869 1.11393 -1.62425 0.663927
-2.0209 1.17271 -2.51436 0.722706
-1.79791 1.22959 -1.72992 0.779588
-1.79791 1.22959 -1.72992 0.779588
-1.83594 1.32251 -2.10942 0.87251
-1.80114 1.37804 -2.0041 0.928035
-1.46392 1.4219 -1.33906 0.971899
-1.18195 1.46627 -1.08271 1.01627
-1.30174 1.51464 -2.16415 1.06464
-1.33614 1.54958 -1.94686 1.09958
-1.05513 1.59701 -0.781065 1.14701
-0.976744 1.65815 -1.41104 1.20815
-0.929621 1.72669 -1.46686 1.27669
-0.886531 1.78809 -1.38055 1.33809
-0.722698 1.82654 -0.645202 1.37654
-0.623853 1.90245 -0.859546 1.45245
-0.623853 1.90245 -0.859546 1.45245
-1.59742 9.42984 -0.555174 8.97984
-1.29771 9.49067 -0.478245 9.04067
-1.43516 9.53543 -0.619753 9.08543
-0.766931 9.57588 -0.218702 9.12588
-1.04202 9.61469 -0.637816 9.16469
-1.28542 9.6636 -0.70062 9.2136
-1.0984 9.71726 -0.467872 9.26726
-1.0984 9.71726 -0.467872 9.26726
-1.0984 9.71726 -0.467872 9.26726
-1.0984 9.71726 -0.467872 9.26726
-1.16286 9.89228 -0.654193 9.44228
-1.16286 9.89228 -0.654193 9.44228
-1.16286 9.89228 -0.654193 9.44228
-1.16286 9.89228 -0.654193 9.44228
-2.3956 12.0606 -0.680691 11.6106
-2.3956 12.0606 -0.680691 11.6106
-2.3956 12.0606 -0.680691 11.6106
-1.39765 12.2358 -0.613093 11.7858
-1.81724 12.2778 -0.986792 11.8278
-1.05429 12.3142 -0.234636 11.8642
-1.1705 12.3581 -0.690202 11.9081
-1.29987 12.4006 -0.734519 11.9506
-1.12274 12.4522 -0.427235 12.0022
-1.12274 12.4522 -0.427235 12.0022
-1.12274 12.4522 -0.427235 12.0022
-1.12274 12.4522 -0.427235 12.0022
-2.05554 14.0286 -1.6133 13.5786
-2.85113 14.0879 -2.12541 13.6379
-2.85113 14.0879 -2.12541 13.6379
-2.85113 14.0879 -2.12541 13.6379
-1.33148 14.2342 -1.60285 13.7842
-0.651672 14.2839 -1.38265 13.8339
-2.15304 14.3423 -2.56293 13.8923
-2.60741 14.3985 -2.34816 13.9485
-2.32357 14.4635 -1.92841 14.0135
-2.44761 14.5202 -2.23987 14.0702
-2.12392 14.5612 -1.84089 14.1112
-2.12392 14.5612 -1.84089 14.1112
-0.319362 14.6795 -0.238626 14.2295
0.311724 14.7215 -0.539527 14.2715
0.311724 14.7215 -0.539527 14.2715
-0.520175 14.8342 -2.02486 14.3842
-0.81399 14.8769 -1.70636 14.4269
-0.67588 14.9264 -1.04803 14.4764
-1.07272 14.9727 -2.10205 14.5227
-1.07272 14.9727 -2.10205 14.5227
-1.07272 14.9727 -2.10205 14.5227
-1.07272 14.9727 -2.10205 14.5227
-1.07272 14.9727 -2.10205 14.5227
-1.07272 14.9727 -2.10205 14.5227
-1.93639 16.6152 -0.84919 16.1652
-2.23712 16.6744 -1.34612 16.2244
-2.1402 16.7131 -1.27996 16.2631
-1.11492 16.7546 -0.66567 16.3046
-1.48633 16.8108 -1.43472 16.3608
-1.41424 16.8549 -1.24524 16.4049
-1.39729 16.8944 -1.30348 16.4444
-1.48245 16.9571 -1.44926 16.5071
-1.03459 17.025 -1.01256 16.575
-1.03459 17.025 -1.01256 16.575
-1.03459 17.025 -1.01256 16.575
-1.57544 17.1536 -1.84583 16.7036
-1.57544 17.1536 -1.84583 16.7036
-1.57544 17.1536 -1.84583 16.7036
-1.78563 17.7788 -2.27408 17.3288
-1.78563 17.7788 -2.27408 17.3288
-1.78563 17.7788 -2.27408 17.3288
-1.45204 17.9168 -1.79714 17.4668
-1.434 17.9727 -2.05766 17.5227
-1.41752 18.0224 -2.10758 17.5724
-1.36833 18.0541 -1.92558 17.6041
-1.27073 18.092 -1.68059 17.642
-1.27992 18.1379 -2.2566 17.6879
-1.09475 18.1882 -1.10786 17.7382
-0.998122 18.2463 -1.54097 17.7963
-0.980301 18.3028 -1.98034 17.8528
-0.847029 18.3477 -1.03119 17.8977
-0.820579 18.3863 -1.53131 17.9363
-0.72386 18.4297 -1.13074 17.9797
-0.640264 18.4758 -0.998864 18.0258
-0.610914 18.524 -1.22951 18.074
-0.552135 18.5935 -0.875046 18.1435
-0.552135 18.5935 -0.875046 18.1435
-0.552135 18.5935 -0.875046 18.1435
-0.533496 18.7253 -1.37626 18.2753
-0.533496 18.7253 -1.37626 18.2753
-0.525579 18.8276 -1.13189 18.3776
-0.525579 18.8276 -1.13189 18.3776
-0.525579 18.8276 -1.13189 18.3776
-0.525579 18.8276 -1.13189 18.3776
-0.525579 18.8276 -1.13189 18.3776
-0.557263 19.0729 -0.443855 18.6229
-0.557263 19.0729 -0.443855 18.6229
-0.557263 19.0729 -0.443855 18.6229
-0.712318 19.2807 -0.435677 18.8307
-0.864527 19.328 -0.794883 18.878
-0.864527 19.328 -0.794883 18.878
-0.864527 19.328 -0.794883 18.878
-0.864527 19.328 -0.794883 18.878
-0.864527 19.328 -0.794883 18.878
-0.864527 19.328 -0.794883 18.878
-0.864527 19.328 -0.794883 18.878
-0.864527 19.328 -0.794883 18.878
-0.864527 19.328 -0.794883 18.878
-0.864527 19.328 -0.794883 18.878
-1.52435 19.898 -0.77646 19.448
-1.62801 19.9476 -1.12771 19.4976
-1.62801 19.9476 -1.12771 19.4976
-1.62801 19.9476 -1.12771 19.4976
-1.69157 20.0778 -0.175134 19.6278
-1.69157 20.0778 -0.175134 19.6278
-1.69157 20.0778 -0.175134 19.6278
-1.82154 20.2325 -1.00491 19.7825
-1.89671 20.2847 -1.81844 19.8347
-1.94089 20.344 -1.5488 19.894
-1.97529 20.4149 -1.56479 19.9649
-2.0511 20.4701 -2.4692 20.0201
-2.04559 20.5115 -1.56214 20.0615
-2.04559 20.5115 -1.56214 20.0615
