-0.0250262 0.45 0.962313 0
-0.147765 0.497663 0.835378 0.0476635
0.0407836 0.54277 1.0542 0.0927703
-0.0984953 0.593265 0.619593 0.143265
-0.00543254 0.673618 0.802848 0.223618
0.0448356 0.746757 0.633594 0.296757
0.0448356 0.746757 0.633594 0.296757
0.0448356 0.746757 0.633594 0.296757
0.0448356 0.746757 0.633594 0.296757
0.0448356 0.746757 0.633594 0.296757
0.500863 1.11746 0.504872 0.667457
0.803392 1.2 0.701065 0.750004
0.961138 1.26173 0.674714 0.811732
1.05927 1.30666 0.677717 0.856663
1.14438 1.35619 0.679833 0.906194
1.24337 1.40819 0.780764 0.958186
1.37248 1.45429 1.04239 1.00429
1.42286 1.49965 0.764353 1.04965
1.55121 1.57384 1.0543 1.12384
1.55121 1.57384 1.0543 1.12384
1.55121 1.57384 1.0543 1.12384
1.85203 2.04419 0.914757 1.59419
1.85203 2.04419 0.914757 1.59419
1.85203 2.04419 0.914757 1.59419
1.85203 2.04419 0.914757 1.59419
1.11358 4.58588 0.336039 4.13588
1.53207 4.64682 0.882514 4.19682
1.66203 4.71104 0.834082 4.26104
1.84431 4.76804 1.02825 4.31804
1.80794 4.8211 0.872727 4.3711
1.93929 4.87269 1.18465 4.42269
1.8671 4.92784 0.926172 4.47784
1.8671 4.92784 0.926172 4.47784
1.68303 5.03808 0.819539 4.58808
1.68303 5.03808 0.819539 4.58808
1.68303 5.03808 0.819539 4.58808
1.68303 5.03808 0.819539 4.58808
1.68303 5.03808 0.819539 4.58808
2.16622 5.66697 2.59165 5.21697
2.1394 5.73217 2.41959 5.28217
2.0596 5.81979 2.51221 5.36979
1.902 5.90446 2.22542 5.45446
1.81809 5.96567 2.47528 5.51567
1.517 6.01129 1.36986 5.56129
1.40262 6.06618 2.07721 5.61618
1.19565 6.14692 1.89731 5.69692
0.903511 6.22406 1.47102 5.77406
0.789455 6.27456 1.4632 5.82456
0.686553 6.32787 1.4641 5.87787
0.686553 6.32787 1.4641 5.87787
0.686553 6.32787 1.4641 5.87787
0.287843 6.70797 1.12362 6.25797
0.287843 6.70797 1.12362 6.25797
0.263287 6.91833 0.625121 6.46833
0.27595 6.96216 0.496624 6.51216
0.306071 7.01124 0.66618 6.56124
0.306071 7.01124 0.66618 6.56124
0.306071 7.01124 0.66618 6.56124
0.306071 7.01124 0.66618 6.56124
0.306071 7.01124 0.66618 6.56124
0.640325 7.33497 0.432932 6.88497
0.640325 7.33497 0.432932 6.88497
0.640325 7.33497 0.432932 6.88497
0.640325 7.33497 0.432932 6.88497
0.640325 7.33497 0.432932 6.88497
1.1724 11.2573 0.751407 10.8073
1.40634 11.2946 1.11131 10.8446
1.42461 11.3383 0.785633 10.8883
1.42461 11.3383 0.785633 10.8883
1.42461 11.3383 0.785633 10.8883
1.42461 11.3383 0.785633 10.8883
1.63777 11.9192 0.985567 11.4692
1.63777 11.9192 0.985567 11.4692
1.63777 11.9192 0.985567 11.4692
1.54917 12.1711 1.35215 11.7211
1.64538 12.2425 2.20836 11.7925
1.64538 12.2425 2.20836 11.7925
1.64538 12.2425 2.20836 11.7925
1.64538 12.2425 2.20836 11.7925
1.64538 12.2425 2.20836 11.7925
0.791959 13.0357 1.24755 12.5857
0.791959 13.0357 1.24755 12.5857
0.791959 13.0357 1.24755 12.5857
1.27343 23.7382 0.360083 23.2882
1.34874 23.7911 0.438753 23.3411
1.52924 23.867 0.526556 23.417
1.52924 23.867 0.526556 23.417
1.52924 23.867 0.526556 23.417
1.52924 23.867 0.526556 23.417
1.52924 23.867 0.526556 23.417
2.23953 24.5388 1.52603 24.0888
2.01486 24.6356 1.32283 24.1856
2.01486 24.6356 1.32283 24.1856
2.01486 24.6356 1.32283 24.1856
2.01486 24.6356 1.32283 24.1856
2.01486 24.6356 1.32283 24.1856
2.01486 24.6356 1.32283 24.1856
2.01486 24.6356 1.32283 24.1856
1.28995 28.78 1.6572 28.33
1.15747 28.8239 1.66722 28.3739
1.08786 28.8957 1.90815 28.4457
1.08786 28.8957 1.90815 28.4457
1.08786 28.8957 1.90815 28.4457
1.08786 28.8957 1.90815 28.4457
1.08786 28.8957 1.90815 28.4457
1.08786 28.8957 1.90815 28.4457
1.27595 33.7136 0.559795 33.2636
1.51546 33.7802 0.769343 33.3302
1.38852 33.826 0.563892 33.376
1.5513 33.8749 0.855855 33.4249
1.56395 33.9252 0.779431 33.4752
1.81342 33.9768 1.14922 33.5268
1.81342 33.9768 1.14922 33.5268
1.81342 33.9768 1.14922 33.5268
1.81342 33.9768 1.14922 33.5268
1.81342 33.9768 1.14922 33.5268
1.79432 34.5953 1.54671 34.1453
1.82552 34.6493 1.81824 34.1993
2.18085 34.7032 2.50375 34.2532
2.27656 34.7546 2.51893 34.3046
2.27756 34.8489 2.57667 34.3989
2.27756 34.8489 2.57667 34.3989
1.99055 35.0217 2.03297 34.5717
1.7907 35.0693 2.19417 34.6193
1.48803 35.1408 1.80948 34.6908
1.59972 35.2049 2.56754 34.7549
1.20775 35.3039 1.70515 34.8539
1.20775 35.3039 1.70515 34.8539
1.20775 35.3039 1.70515 34.8539
0.876563 35.533 1.79762 35.083
0.729188 35.5777 1.34161 35.1277
0.663037 35.6268 1.50863 35.1768
0.609775 35.6751 1.42258 35.2251
0.526371 35.7281 1.07978 35.2781
0.535601 35.7792 1.67912 35.3292
0.535601 35.7792 1.67912 35.3292
0.535601 35.7792 1.67912 35.3292
0.535601 35.7792 1.67912 35.3292
0.535601 35.7792 1.67912 35.3292
0.535601 35.7792 1.67912 35.3292
0.403145 36.2135 0.775153 35.7635
0.422223 36.2607 0.435711 35.8107
0.457136 36.3148 0.469294 35.8648
0.457136 36.3148 0.469294 35.8648
0.457136 36.3148 0.469294 35.8648
0.457136 36.3148 0.469294 35.8648
0.457136 36.3148 0.469294 35.8648
2.55705 44.4713 2.32146 44.0213
2.58063 44.5202 2.54149 44.0702
2.17588 44.5716 1.90359 44.1216
2.17588 44.5716 1.90359 44.1216
2.29637 44.72 2.69173 44.27
1.69028 44.8111 1.67379 44.3611
1.5065 44.8616 1.84371 44.4116
1.47938 44.9138 2.42276 44.4638
1.47938 44.9138 2.42276 44.4638
1.47938 44.9138 2.42276 44.4638
1.6317 56.28 0.478466 55.83
3.33966 56.3223 0.824489 55.8723
4.00415 56.3585 0.866805 55.9085
5.4834 56.3964 1.39781 55.9464
3.74616 56.4413 0.556353 55.9913
3.33073 56.4835 0.876319 56.0335
2.82656 56.525 0.812808 56.075
1.97891 56.5687 0.535843 56.1187
1.35959 56.6144 0.497671 56.1644
1.46773 56.664 0.899888 56.214
1.46773 56.664 0.899888 56.214
1.46773 56.664 0.899888 56.214
1.62732 56.7959 1.04029 56.3459
1.44582 56.8404 0.879895 56.3904
1.30767 56.8818 0.850507 56.4318
1.30767 56.8818 0.850507 56.4318
1.30767 56.8818 0.850507 56.4318
1.30767 56.8818 0.850507 56.4318
1.82276 57.4757 1.74769 57.0257
2.19928 57.5162 2.35623 57.0662
2.19928 57.5162 2.35623 57.0662
1.67371 57.6082 1.21681 57.1582
1.60945 57.6601 1.70143 57.2101
1.61034 57.7102 1.93549 57.2602
1.56197 57.7542 1.77519 57.3042
1.47463 57.7991 1.58005 57.3491
1.41916 57.8481 1.72805 57.3981
1.3488 57.8974 1.63256 57.4474
1.3488 57.8974 1.63256 57.4474
1.3488 57.8974 1.63256 57.4474
1.68493 63.1417 1.04684 62.6917
2.59643 65.4253 0.642497 64.9753
1.37792 65.471 0.638631 65.021
1.37792 65.471 0.638631 65.021
1.37792 65.471 0.638631 65.021
2.38253 70.552 2.39345 70.102
2.38253 70.552 2.39345 70.102
2.38253 70.552 2.39345 70.102
2.38253 70.552 2.39345 70.102
-2.0413 71.2205 0.238688 70.7705
-2.0413 71.2205 0.238688 70.7705
-2.0413 71.2205 0.238688 70.7705
0.500222 71.7915 0.973588 71.3415
0.705776 71.8383 0.732381 71.3883
0.815822 71.8854 0.733785 71.4354
1.00072 71.9281 1.04581 71.4781
0.935719 71.9791 0.376205 71.5291
0.989355 72.0346 0.656564 71.5846
1.1702 72.0804 1.17044 71.6304
1.12305 72.1245 0.417663 71.6745
1.0623 72.1736 0.262481 71.7236
1.05889 72.2303 0.383038 71.7803
1.07015 72.2844 0.408018 71.8344
1.12408 72.3287 0.642176 71.8787
1.00976 72.3727 0.397605 71.9227
1.01954 72.4183 0.475119 71.9683
1.0156 72.4631 0.283169 72.0131
1.05135 72.5099 0.452303 72.0599
1.09144 72.5563 0.47226 72.1063
1.09981 72.603 0.221296 72.153
1.12527 72.6501 0.287187 72.2001
1.16312 72.6967 0.358243 72.2467
1.16312 72.6967 0.358243 72.2467
1.16312 72.6967 0.358243 72.2467
1.35906 72.8377 0.683576 72.3877
1.35906 72.8377 0.683576 72.3877
1.35906 72.8377 0.683576 72.3877
1.76052 96.7707 1.96091 96.3207
1.76052 96.7707 1.96091 96.3207
1.76052 96.7707 1.96091 96.3207
1.73495 97.0786 1.77296 96.6286
1.73495 97.0786 1.77296 96.6286
2.26052 97.155 2.1298 96.705
-0.819451 99.9513 1.81744 99.5013
1.51608 99.9874 2.45674 99.5374
0.700353 100.028 1.86712 99.5776
-0.21039 100.076 1.68041 99.626
-0.21039 100.076 1.68041 99.626
-3.05663 100.152 0.705157 99.7017
-3.05663 100.152 0.705157 99.7017
-3.05663 100.152 0.705157 99.7017
-3.05663 100.152 0.705157 99.7017
-3.05663 100.152 0.705157 99.7017
-3.05663 100.152 0.705157 99.7017
2.87776 102.729 2.14977 102.279
3.06409 102.764 2.26408 102.314
2.04673 102.8 1.25578 102.35
1.12498 102.841 1.10367 102.391
1.12498 102.841 1.10367 102.391
1.12498 102.841 1.10367 102.391
0.0436145 104.306 0.768481 103.856
-0.150206 104.352 0.712738 103.902
0.365081 104.394 0.835542 103.944
-0.161626 104.435 0.496521 103.985
0.106465 104.482 0.646902 104.032
0.189911 104.531 0.565509 104.081
0.41463 104.572 0.628746 104.122
0.221104 104.616 0.360869 104.166
0.282518 104.666 0.442852 104.216
0.524919 104.716 0.569649 104.266
0.527696 104.766 0.392544 104.316
0.521616 104.816 0.347574 104.366
0.637392 104.866 0.454159 104.416
0.63187 104.915 0.320246 104.465
0.731795 104.964 0.440862 104.514
0.938789 105.012 0.644559 104.562
0.982071 105.056 0.464811 104.606
1.01589 105.101 0.458886 104.651
1.17387 105.147 0.731643 104.697
1.27214 105.191 0.70018 104.741
1.28531 105.236 0.555805 104.786
1.35208 105.284 0.708035 104.834
1.35208 105.284 0.708035 104.834
1.40486 105.369 0.644597 104.919
1.491 105.414 0.915126 104.964
1.52869 105.458 0.853313 105.008
1.52869 105.458 0.853313 105.008
1.63054 105.588 0.94702 105.138
1.63054 105.588 0.94702 105.138
1.63054 105.588 0.94702 105.138
2.0909 106.032 1.96962 105.582
2.19556 106.08 2.19325 105.63
2.22767 106.124 2.16353 105.674
2.16389 106.167 1.80518 105.717
2.10562 106.212 1.81479 105.762
2.16689 106.256 2.6976 105.806
2.1323 106.301 2.1734 105.851
2.12333 106.346 2.49491 105.896
2.05027 106.388 1.92917 105.938
1.69647 106.435 1.28257 105.985
1.76552 106.507 2.42377 106.057
1.76552 106.507 2.42377 106.057
1.57884 106.707 2.26958 106.257
1.37259 106.751 1.77406 106.301
1.36518 106.792 2.09669 106.342
1.26191 106.833 1.85691 106.383
1.16901 106.879 1.82561 106.429
1.05805 106.925 1.68429 106.475
1.02763 106.97 1.894 106.52
1.02763 106.97 1.894 106.52
0.930927 107.057 1.80722 106.607
0.853544 107.103 1.54156 106.653
0.853544 107.103 1.54156 106.653
0.853544 107.103 1.54156 106.653
0.853544 107.103 1.54156 106.653
0.417141 107.551 0.762263 107.101
0.4073 107.599 0.78791 107.149
0.39944 107.644 0.599155 107.194
0.402619 107.688 0.601245 107.238
0.421877 107.753 0.628563 107.303
0.421877 107.753 0.628563 107.303
0.421877 107.753 0.628563 107.303
2.04309 109.976 2.05834 109.526
0.811558 110.017 1.59021 109.567
0.811558 110.017 1.59021 109.567
0.811558 110.017 1.59021 109.567
1.02453 110.417 1.48333 109.967
1.05571 110.466 1.45772 110.016
1.14062 110.512 1.50654 110.062
1.06947 110.554 1.32395 110.104
0.825352 110.597 1.07945 110.147
0.774969 110.64 1.16552 110.19
0.361536 110.684 0.543733 110.234
0.354193 110.729 0.951042 110.279
0.520325 110.773 1.17054 110.323
0.733934 110.819 1.13888 110.369
0.547559 110.868 0.697495 110.418
0.644208 110.914 0.89865 110.464
0.777867 110.959 0.963691 110.509
0.537075 111.005 0.408823 110.555
0.357973 111.05 0.210681 110.6
0.489397 111.092 0.829043 110.642
0.489397 111.092 0.829043 110.642
0.513403 111.163 0.508623 110.713
0.513403 111.163 0.508623 110.713
0.610457 111.24 0.610544 110.79
0.609738 111.28 0.399952 110.83
0.595982 111.32 0.301276 110.87
0.660995 111.358 0.53548 110.908
0.724771 111.398 0.535744 110.948
